povrate60,mort_related_post,mort_injury_post,mort_related_pre
-6.2391181,0,31.595577,14.318442
-17.527388,0,11.648732,11.500201
6.4472451,4.1084633,20.542316,16.655563
-2.9278502,0,26.693359,10.162601
-13.573941,0,12.74413,0
12.686351,9.0440445,63.308311,0
4.0731416,4.9649968,14.89499,11.462632
-25.135321,3.0577612,14.269552,9.5328884
-16.420023,2.7555041,24.799538,8.373106
-11.992475,12.558869,43.956043,29.291155
-6.9693923,0,29.610985,24.866343
2.9108224,0,16.834072,0
-.73222494,10.557804,35.19268,0
-9.4329195,0,24.384296,0
-6.998693,0,18.258171,0
-8.514329,5.7636886,14.409222,4.9005194
-23.871778,0,23.583895,0
3.7629418,0,27.363523,16.00256
-7.4996276,0,47.267914,13.728721
-12.889142,3.4018233,17.009117,9.4082232
5.7097192,8.393487,67.147896,0
-11.117063,3.7777903,20.777847,3.5280836
-18.519571,0,23.982384,5.0413389
-.98904562,3.4520254,24.164179,4.7415838
-9.569684,0,32.5168,8.0282593
-11.265985,0,31.421839,5.038291
-11.952592,0,13.788919,22.121937
-23.371653,0,13.68457,9.414423
-6.6848502,0,25.122473,10.300783
-9.324399,0,34.299435,0
-5.3888984,4.7562428,23.781214,7.1684589
18.58742,8.9581652,17.91633,0
11.55836,0,0,6.4449601
4.8583856,7.2939458,14.587892,0
-13.165711,2.8747196,27.309837,8.7904358
-7.0982566,4.3614793,23.988136,16.079756
-28.357517,1.4783195,18.109415,3.5608478
-12.252862,0,34.314735,0
-23.898294,6.0412922,12.082584,4.9514756
-2.4272094,6.5789475,29.605263,11.411617
-16.68767,1.766098,28.257568,10.002001
-10.13054,0,21.532131,0
17.748934,6.3856959,44.699871,15.124017
1.3188348,4.3256335,17.302534,5.7392101
-29.806906,2.8470075,11.957432,7.3855243
3.986052,0,19.744896,9.5183706
-6.4384971,3.8317113,22.990267,0
-18.060724,1.7736472,24.83106,3.2206118
-27.215893,2.1056747,23.463234,6.6643562
3.1705575,0,21.501677,5.831584
-22.441835,5.0379248,13.434465,7.9365077
-22.737032,3.6956735,22.174042,2.4875622
15.938411,6.6374617,46.462234,30.921459
-.28282687,0,4.9566293,6.3107409
2.7223001,0,4.3569188,0
-8.4775743,0,34.040623,17.325018
-9.2005129,2.2016249,28.621122,8.8683929
-14.778321,2.712085,27.12085,0
-14.114633,0,19.089931,9.4428711
14.644816,0,11.761247,0
-13.855683,4.2081637,22.443541,12.903226
-18.526106,0,37.037037,0
-18.628878,3.6667309,19.250338,11.615414
-14.541669,0,16.566166,2.865658
-4.9747176,0,32.99604,0
19.455881,6.1236987,55.113289,12.588117
-8.6546717,0,20.909567,0
6.8555017,4.762434,33.337036,17.95977
-34.327717,2.5927222,20.741777,8.0372934
-24.422873,2.7553902,38.575462,8.8558273
-29.980112,0,26.399929,10.670081
-23.367758,4.5326805,49.859486,9.540164
-36.274059,7.5924377,7.5924377,10.780509
-38.270195,2.3802805,17.597073,7.4520221
-34.535946,0,48.366295,19.77066
-7.1979575,1.2644622,39.19833,18.474045
-38.966034,1.9967952,15.724762,8.4731398
-20.204138,2.2202981,27.753725,6.0997925
-23.45006,4.7129793,4.7129793,0
-35.930862,2.3063796,29.982933,12.241401
-34.290119,0,29.204124,6.2574306
-13.295377,0,19.08215,12.377769
-11.986028,3.8424592,23.054754,11.811954
-14.038018,0,19.097332,19.312475
-19.793673,3.4035022,17.017511,5.1856461
-15.115762,0,30.931025,11.795235
-8.2050676,0,18.47575,0
-.39912555,0,23.272051,0
-13.299928,8.9702187,17.940437,0
8.144969,0,36.764706,14.361626
-12.062707,0,40.726089,8.6490231
-9.7220087,6.239471,24.957884,7.940289
-1.9874206,8.6933842,17.386768,0
-1.0516601,0,29.971527,0
-13.035863,0,37.256088,6.0408359
-6.9820418,11.731582,35.194744,0
-17.56761,0,11.743752,10.695188
-13.108357,0,15.580692,0
4.1974969,1.8716778,20.588455,12.616705
1.5456529,0,9.4723883,14.380213
-1.6091552,0,0,28.810141
.42373517,0,5.0446453,6.3107409
-3.2763801,0,19.584803,0
-13.816304,2.7902565,13.951283,0
-8.9796839,0,49.722382,52.356022
4.1221223,0,13.189132,0
-20.197279,6.1518273,22.5567,8.0456991
-12.65944,0,17.914726,0
-9.4444895,0,11.735252,0
-6.8205199,5.1419168,20.567667,0
-22.048952,4.5526977,9.1053953,0
-12.669995,0,17.708517,0
-3.2847495,4.2165627,59.031876,0
1.291163,0,14.480163,0
-12.591855,5.2918453,26.459227,6.6586761
-11.308919,6.1227236,34.287254,5.240541
-5.7664313,7.1772051,0,15.56178
.099665187,0,41.614647,14.040999
1.3633714,0,6.5850124,0
12.410274,0,11.354605,6.0081711
3.2428079,0,35.310734,10.442774
-3.9535689,0,14.754704,16.469038
-4.1389747,0,12.114604,0
-3.9460196,0,15.352022,24.393219
2.0234094,0,22.449209,0
-3.8984809,0,0,0
-12.744962,0,29.941017,4.9825611
-.009351233,1.6366345,21.276247,5.7136326
7.9009118,29.895367,14.947683,7.5448923
-8.1425219,0,35.945362,0
-1.3651748,10.430792,52.153957,0
13.839259,0,15.559359,0
-14.524774,0,31.720856,4.5289855
2.9023499,15.092062,75.460304,32.615788
3.4568582,2.632133,44.746262,5.8366895
-5.3435264,0,0,0
-.79645681,0,43.228798,13.623979
-11.437703,0,0,0
-12.254354,0,18.573551,17.553099
-8.4908533,10.723861,10.723861,0
-30.723076,2.001014,19.343134,6.0384045
-5.6389441,14.878738,7.4393692,0
9.9911833,2.9663029,26.696726,3.7385974
-30.076874,0,25.602184,12.327416
1.0571389,0,24.829298,0
5.2528939,0,15.19295,0
-28.051178,2.3476658,21.128992,2.483855
-16.058306,0,16.489405,0
3.3421159,0,31.789764,31.92848
8.3976316,0,0,0
-22.595102,0,32.266071,3.1322434
3.5916352,0,10.345541,0
-24.52886,2.6941469,25.594397,6.801333
-12.325398,0,26.948895,0
7.0766854,9.7665787,9.7665787,0
-6.1809402,13.353809,13.353809,0
-26.485636,136.05443,0,0
-42.613766,0,8.911068,0
-40.03001,2.1441972,24.658268,2.1242247
-37.152485,9.154994,18.309988,0
-35.284988,2.7071719,15.340641,3.9761114
-40.461235,0,35.100037,9.0481358
-33.020809,3.2393911,12.957564,13.865779
-41.043304,0,37.678974,0
-37.895496,1.9487262,19.765652,2.909091
-28.334745,2.7590773,24.831696,8.4245996
-36.872147,5.0246205,30.147724,31.210987
-29.526997,1.8497965,20.347761,7.2987375
-34.342789,0,15.755475,0
-41.294083,0,28.786919,6.0331826
-32.616562,0,23.105183,7.8899198
-39.540367,2.4938798,15.378924,1.704681
-41.467968,3.1676645,19.005987,18.487705
-42.044338,0,8.0860357,14.160295
-40.312733,2.7242918,19.459229,5.312593
-36.582943,0,30.815285,0
-42.329544,2.1270854,17.149626,5.1350827
-43.698395,3.4646735,18.189535,4.3011608
-39.711037,1.0237021,12.625659,3.2322292
-40.023075,2.1405714,16.054285,4.4397087
-38.400249,.80844009,16.168802,4.5265255
-43.743095,0,13.506669,5.0428643
-42.817417,1.496991,12.474925,2.3670881
-40.622448,2.2683246,15.424607,3.4032125
-36.84166,1.7871743,15.190982,13.978752
-40.906536,2.283783,13.702697,0
-41.739017,6.7301545,23.55554,6.0782886
-30.828465,4.9073839,21.41404,5.3659582
-43.056911,9.1983624,32.194271,26.288118
-43.820057,1.5053797,13.333362,5.4220695
-37.792107,2.2176883,24.394571,4.4899426
-29.288786,0,9.5165586,15.304561
-11.342294,0,29.265438,0
-28.502396,0,21.800741,0
-30.221628,0,19.542702,0
-35.789646,0,29.530466,0
-38.900314,0,0,0
-6.2115722,0,0,13.462574
2.6683259,0,36.363636,0
-21.383471,0,0,0
-24.592009,0,0,0
-26.115034,0,18.583906,0
-42.833351,.86941147,14.779995,4.5255799
-40.079998,0,0,0
-43.038902,9.4015884,4.7007942,0
-27.286997,0,66.305672,0
-29.465137,0,34.071548,0
-42.47398,2.5717802,11.75671,6.4528618
-34.296631,0,9.7280998,0
-43.785889,0,17.034807,0
-38.815125,0,16.711229,40.355125
-34.745399,18.099548,0,0
-16.06484,0,0,0
-41.375435,0,67.750679,0
-37.88879,0,0,0
-42.882687,0,11.831519,39.123631
-34.276588,0,24.896679,0
-38.161469,.93045759,18.609152,6.9705839
-18.47048,0,48.092339,15.206813
-40.974815,0,0,0
-42.685863,0,36.977692,6.6586761
-39.630627,3.155968,26.825727,5.9375372
-42.450829,0,0,0
-32.076187,12.828736,51.314945,18.705574
-32.957073,9.5156536,28.546959,0
-36.575882,0,29.735355,0
-29.292284,0,43.159256,11.900512
-33.861156,0,0,0
-43.178444,0,0,0
-42.011539,0,27.397261,0
-40.966591,0,35.790981,0
-29.814659,0,31.426775,0
-38.028454,0,11.04159,5.9930482
-20.471373,10.006003,0,0
-36.413158,0,0,27.457441
-11.227292,0,0,0
-29.730946,0,0,0
-39.803265,0,85.579803,0
-40.338066,0,0,0
-38.072216,0,0,0
-39.267281,0,0,0
-34.352264,1.9761088,20.749144,4.2306552
-33.457558,0,37.359901,0
-34.918457,3.3964698,12.453723,4.8683124
-31.558451,1.2753638,28.058004,4.3521781
-37.021919,2.3946464,26.123415,7.8926597
-24.861158,2.9160471,18.468298,4.5812716
-7.9436011,0,7.1306334,0
-28.449242,1.1791062,11.791062,8.5932798
-17.189119,0,25.43882,0
-41.552734,1.008985,12.612312,2.5869875
-35.143364,1.8332601,19.832541,2.0657103
-1.9610457,0,13.08558,20.008003
-33.604237,0,34.252441,0
-14.286119,0,32.671432,0
-23.359316,0,13.141036,0
-28.249542,7.8019857,29.257446,21.422451
-13.164285,0,25.919327,21.49613
-36.921726,2.3400846,22.050797,5.2056222
-15.754563,6.9141951,13.82839,0
-11.050252,0,0,0
-32.948196,2.0446594,25.762709,6.1988192
-31.666059,2.982152,22.366138,5.703577
-12.959615,15.810277,31.620554,0
-.30409762,0,31.113876,0
.96148157,2.4948232,24.948233,10.39501
-4.7156425,0,86.862106,0
-20.469469,0,40.958427,0
-24.494688,0,20.712511,0
-.16767643,11.096316,22.192633,0
-15.237691,5.2026429,26.013214,13.259083
-23.574259,0,49.952824,0
-15.229955,4.0515356,4.0515356,0
-23.877691,6.726759,40.360554,7.839448
-31.24297,1.35168,21.626883,3.7233779
2.9433656,0,8.262414,0
-28.627785,0,5.3276505,6.3734865
-6.6838126,0,6.0951452,4.2419615
.78752756,9.9443121,39.777248,0
-20.103193,0,0,0
-20.792433,1.5247157,25.920166,12.416962
-28.742188,4.1815462,30.943439,9.6061478
-27.468576,1.8137134,10.882281,8.662509
-7.1110015,0,6.4441295,0
-10.329053,0,0,44.091709
-.29361483,14.165309,14.165309,9.3949642
-27.097181,1.1873382,23.746765,11.566042
-15.161809,0,27.324581,8.9142447
-30.920502,2.8313372,39.638721,10.429704
-34.238636,0,27.12299,7.6225324
-21.779764,6.6577897,13.315579,7.8173857
-36.910053,2.9816628,23.853302,0
-27.798338,0,28.512774,0
-36.17947,1.9506269,17.555641,5.4034581
-19.586782,0,14.300424,0
-31.540894,2.0090983,25.54425,11.731582
-19.517752,4.4461241,26.676744,0
-34.65646,2.0707793,15.530845,7.4869914
-28.040539,1.6049045,26.0797,10.380236
-17.456865,0,17.361111,8.7604027
-22.060884,0,22.771912,10.811979
-26.873777,0,20.002769,7.8988943
-28.682974,0,27.010742,5.3694158
-35.638798,2.1684213,18.431581,8.0593166
-25.777185,1.3857421,13.16455,5.2075195
-6.9116797,0,11.726767,13.092433
-7.4372649,0,10.518012,20.140987
-15.586099,0,26.246719,0
-16.923056,0,30.066145,0
-29.282633,2.6530478,19.897858,14.634147
1.0324121,0,0,0
-7.9404387,6.3893681,38.336208,19.190174
-.96790838,15.989766,23.98465,0
2.4667115,6.2996097,31.498047,9.7465887
9.0638762,16.363934,32.727867,20.449898
-1.0477233,10.79797,32.393909,15.857913
14.856959,0,26.089226,25.680534
-18.731649,3.6863642,22.118185,21.853148
-15.647798,0,27.162842,0
-18.673147,0,20.02804,0
-18.839983,0,17.874014,0
-8.6754236,0,7.2207379,22.431583
-3.8021865,0,55.529114,12.540757
-27.339905,1.4724613,22.08692,4.2519717
-10.723786,0,11.491611,16.534391
-7.3185668,0,35.984165,0
5.7191796,0,26.404383,36.791759
.12708904,0,30.759766,0
-5.940454,3.3447053,30.102348,0
10.831889,0,38.593277,11.896265
-1.0431037,0,59.655701,15.649452
14.287951,0,17.724211,0
-24.798796,7.617887,45.707321,0
2.2463212,14.874312,29.748625,0
-20.327604,5.8032694,17.409807,17.711655
-33.600025,0,15.007804,0
-11.620259,0,13.118195,22.988506
-28.115822,2.2839916,22.268917,5.5544977
-36.824642,20.07226,0,0
-22.40024,4.9771051,14.931316,16.758841
-19.208097,0,12.456661,0
-24.180357,6.0795202,20.265066,4.0809665
5.7041039,0,0,29.655991
-40.643604,1.3540045,20.310066,5.4528599
4.5171304,13.984058,41.952175,41.718815
-42.244751,2.7471128,15.305342,3.6654205
-4.0603881,3.84571,38.4571,12.578616
-11.764577,2.9591053,29.591051,12.440906
-12.644059,0,19.035189,48.253235
-4.9235587,0,28.624588,23.929171
-14.354257,0,16.747147,5.1631556
5.4106545,0,0,22.371365
-3.3289084,0,20.43214,0
-13.880307,0,8.8621054,0
2.9327035,0,0,0
-6.0937476,4.0454712,24.272827,16.270744
-8.2926683,6.1508179,24.603271,0
6.2245049,9.4446545,9.4446545,0
-22.856977,4.9097104,28.47632,7.1293621
-21.945601,3.7639265,9.4098167,0
12.329005,7.2817302,21.84519,10.156408
1.1732736,0,93.896713,0
-15.347177,11.319901,16.979851,0
-12.434896,0,43.016037,8.4260197
-4.551908,15.175275,35.408974,17.244352
-2.9091353,0,12.683917,20.251114
-11.530965,0,25.201612,0
-15.351777,0,19.671873,0
-29.756769,0,23.452845,11.715638
-17.539896,0,24.049061,0
-11.174336,0,7.9560823,0
-30.081615,2.080317,23.923643,6.2658887
-.78881216,0,0,18.175209
2.3741364,0,0,0
-27.66292,4.100966,10.252415,3.5460992
-16.365995,0,21.023125,0
-1.6914611,0,31.359432,32.159512
-1.0399642,0,9.4741831,25.23341
-27.481478,2.0009072,11.338473,0
-18.566698,0,15.08599,0
-21.597918,0,21.311251,3.1088727
13.252528,10.185374,0,0
-19.576666,6.0060062,12.012012,0
-4.2039161,0,54.768799,11.837121
-11.715875,5.9014459,17.704338,0
-4.3459296,0,17.379215,0
-12.980611,3.1627555,12.651022,0
-32.385525,2.6610608,18.627424,10.022049
7.670176,0,59.297913,15.137753
-17.872061,9.0077915,36.031166,8.8043671
7.2151284,0,56.737587,23.245003
-6.4142585,0,8.8952141,15.503876
6.8427758,10.986596,38.453087,22.696323
-.87037802,0,24.783148,14.880953
-9.5923815,0,38.570328,18.811136
-9.1003504,6.4275613,38.565369,0
-16.229425,0,0,14.088475
1.7143807,0,0,0
-7.0936065,0,21.206337,4.5674615
1.567965,8.8691797,8.8691797,0
-8.0027971,3.5679879,24.975916,29.086678
7.6867852,15.820282,15.820282,0
3.1534257,0,47.404598,0
-18.287386,1.5761187,15.761187,5.9364796
-8.6942606,0,34.851299,0
-6.6974196,5.9217148,29.608574,0
7.1391778,0,37.206993,0
5.1721826,0,36.281837,0
-4.3014922,0,56.30983,14.594279
10.516269,18.971731,18.971731,0
-2.8943305,0,45.303535,14.208582
3.7710824,0,0,0
-3.936811,4.4497843,22.24892,0
-8.61448,0,24.618414,53.163212
4.4800668,0,0,49.529469
-5.0839019,0,8.7252417,13.706141
-14.271695,0,20.601566,0
-28.853268,2.6382439,21.765512,2.7968898
-19.0273,0,15.19803,35.20631
-13.753091,9.1861105,9.1861105,0
-.44062182,0,12.439358,0
-23.334467,12.012974,20.021624,0
-11.521302,5.8847761,29.42388,0
-10.402516,10.09795,10.09795,0
-4.6443191,9.024456,18.048912,0
-4.7043891,0,26.462027,20.964361
-19.20495,3.3919001,27.135201,5.9865899
-15.350171,0,25.207966,55.066078
-2.044004,0,11.124708,16.989466
13.877078,0,48.520134,0
-9.644105,0,12.137395,0
6.5386834,0,24.180874,0
-22.075006,2.0378082,21.05735,0
-19.049551,0,21.071644,81.699348
11.807521,0,29.403116,0
1.9771714,0,40.541637,8.5910654
3.5290017,0,35.557663,62.656643
-25.121931,0,26.992374,13.224015
-19.314348,5.4027772,81.041656,0
9.6996031,0,35.081566,18.539118
-4.0338378,7.1055532,21.316658,28.529043
7.8952737,0,0,52.029137
7.8411889,0,0,42.517006
-2.9815192,0,42.262451,0
5.1436105,0,38.575287,52.465897
2.6666245,9.457159,9.457159,0
7.5927529,8.5616436,25.684931,21.177467
-11.95519,5.5937796,22.375118,4.2844901
-6.3611732,3.2119226,12.847691,11.687704
-7.3829131,0,22.806057,17.806269
-3.392549,0,0,41.356491
4.4619851,0,16.630634,0
-18.695597,2.2163122,33.244682,0
1.0732484,0,31.100975,16.45278
-4.6766944,0,11.050945,0
4.3787866,0,0,0
-25.979223,4.659615,23.298075,0
-28.716316,1.995092,15.960736,3.3840947
-15.104665,6.697475,26.7899,0
-22.026712,8.7151031,26.145309,8.483923
9.37955,0,32.797638,17.253279
2.5009408,0,16.68799,7.2212596
-10.445512,5.1419168,35.99342,7.5654411
15.951121,0,0,76.1035
5.1478219,0,0,0
-14.585557,0,13.152703,0
-27.490795,9.6130733,35.247936,3.6509676
4.0460343,0,46.475601,69.300072
-6.7811866,0,11.097548,29.086678
-7.8071342,10.182262,10.182262,0
6.5944467,5.8102374,23.24095,0
-30.031458,2.5463111,12.731555,6.7476382
-35.150928,0,11.983582,10.342331
-33.787395,3.4810457,17.405228,6.6813655
-43.989887,.68463606,25.331535,4.7032266
-42.815918,0,32.195751,0
-38.358158,0,27.483852,0
-37.033188,0,25.833118,0
-38.124699,0,21.334091,4.3848109
-39.985592,0,27.824152,0
-37.255466,0,41.928722,0
-36.059097,0,30.659172,0
-34.027538,0,27.932961,0
-39.836697,0,0,0
-34.883972,2.5564332,20.451466,0
-41.152309,0,31.585596,0
-39.76173,0,41.297665,8.0593166
-25.164785,0,0,0
-40.903572,0,39.517883,0
-31.686274,0,61.255741,44.326241
-36.261532,0,8.8995686,9.0285301
-36.256538,0,19.329275,0
-38.188229,0,33.952976,0
-38.440857,0,0,0
-32.891487,0,58.337383,0
-37.625984,15.553309,31.106619,20.898642
-39.428959,0,41.19101,0
-35.118748,0,42.550175,0
-41.246624,6.0927315,22.340015,0
-27.533142,0,43.789227,0
-43.723541,32.404408,32.404408,0
-37.70079,0,17.02804,0
-40.229946,0,34.293552,8.4947329
-42.215813,3.5447166,14.178866,0
-36.768223,0,0,0
-35.633018,0,23.713541,0
-33.514156,6.9405885,13.881177,0
-41.625469,0,54.068668,30.52503
-31.735392,0,63.111393,0
-40.273293,2.1099718,40.089462,6.8418174
-29.219084,0,37.792896,0
-37.435871,0,22.574932,2.5867867
-10.565129,0,9.7276268,0
-28.730057,0,8.1679325,24.838549
-17.290838,0,23.036167,0
-38.159519,3.0086951,21.060865,9.0752335
-31.432356,0,0,0
-34.9618,6.2656641,31.328321,0
-32.662754,0,31.269543,0
-42.587135,1.6933798,11.853658,4.2062759
-36.012451,3.2081101,6.4162202,0
-29.415327,0,31.0294,0
-31.735361,0,24.875622,0
-35.004307,0,34.811668,12.410028
-39.234322,2.854696,14.273479,12.416191
-36.977253,0,12.513295,0
-27.787691,0,21.026072,0
-39.020222,0,13.682698,9.7408924
-37.664768,0,17.41958,7.7124786
-30.578457,5.7067852,11.41357,0
-27.240808,0,0,0
-35.271938,0,18.487705,0
-30.462046,0,29.18004,0
-38.8661,8.3187752,0,0
-27.384495,0,6.0472288,5.2960491
-38.911808,5.5763121,11.152624,8.6288719
-6.5856223,0,0,45.413261
-28.589958,7.0274067,21.08222,0
-20.656214,0,30.740854,19.794142
-33.286449,0,10.755579,0
-15.318929,23.607176,47.214352,0
-32.526863,0,38.724667,0
-39.701569,0,9.9393702,3.3081911
-37.802982,3.5258443,17.629223,9.7924013
-30.738062,5.3520298,16.056089,0
-26.278048,0,10.474495,0
-31.464756,6.6724496,20.017349,0
-37.719616,0,11.657729,9.3580389
-34.306595,0,9.3707542,7.2621641
-18.392321,0,29.312618,0
-43.683514,4.2997346,26.873341,9.3738279
-31.812868,0,14.271442,9.6562376
-40.073376,3.3017466,9.9052401,12.623075
-41.744381,6.0983047,9.1474571,4.1030693
-43.33522,4.20327,16.81308,0
-35.180771,0,4.2320876,6.4102564
-42.358269,2.2846177,5.711544,8.1589365
-43.874741,1.7469232,16.59577,5.2688427
-34.782166,5.0220971,12.555243,4.1192946
-31.845221,0,22.755718,18.096272
-37.579235,0,8.1699343,0
-36.628296,0,18.416206,0
-24.594172,8.4552298,33.820919,0
-38.14463,0,41.339397,0
-32.583035,0,5.7359185,9.8853302
-32.555878,3.8207314,15.282926,5.5555553
-38.617138,0,17.080002,16.388069
-36.001926,0,0,12.300123
-40.134224,2.4145257,24.145258,4.0690103
-30.387125,0,33.06514,0
-40.854416,0,0,0
-25.01333,12.984484,25.968967,8.6400557
-11.410348,0,60.404713,0
-7.4098639,13.415616,53.662464,0
-42.479927,0,0,34.794712
-34.790112,0,11.265067,12.771392
-32.761692,0,35.343182,0
-38.619415,3.1186774,26.508759,4.9719911
-19.332819,4.8847208,24.423603,16.252235
-43.59753,2.7575936,13.787969,1.1528441
-26.940706,0,15.537601,20.128824
-27.504839,0,0,0
-29.528301,0,10.050756,7.0531812
-35.072567,0,16.686134,21.097046
-41.288971,0,9.4701452,3.5280836
-29.705973,0,25.551487,13.144059
-39.931774,1.1975905,11.975904,6.7517385
-38.727043,8.8786287,26.635887,0
-36.305187,0,5.4608998,0
-34.520046,0,25.926886,0
-29.588856,0,0,0
-30.835659,0,16.249594,0
-40.521664,1.6600816,13.280653,2.3874326
-30.953302,0,11.384336,0
-43.442837,3.3787208,13.514883,53.304905
-43.260502,1.6326264,4.8978791,3.0474796
-33.757034,0,10.615711,0
-41.364468,0,20.408163,0
-40.87463,0,16.284523,0
-32.627094,0,20.552872,0
-37.582783,11.82942,11.82942,9.5020905
-42.4655,0,8.4721832,8.5667782
-40.583942,1.2066656,10.85999,8.9509487
-35.660912,0,24.957573,0
-40.090626,0,25.112108,10.843635
-17.036303,0,35.256786,0
-31.548801,0,19.966455,6.0408359
-41.442383,3.2326889,22.628822,0
-32.782543,4.2560434,12.76813,8.1459761
-43.265522,3.136271,6.272542,0
-42.086658,.9251036,19.427176,4.3077455
-35.71505,3.2515037,3.2515037,10.091836
-35.742817,0,11.0595,0
-38.200699,3.7504454,7.5008907,5.9101653
-38.13271,0,17.674089,9.4375238
-25.990358,0,10.519671,0
-37.989346,6.0764418,12.152884,0
-33.401428,3.7221768,22.333061,5.688282
-43.469627,2.7236452,17.703695,2.1041114
-29.396976,0,3.9766176,14.324595
-43.608257,0,19.01683,0
-33.386795,0,33.230873,16.212711
-38.562874,2.0454917,20.454918,0
-42.140236,3.1960113,0,4.8761458
-38.113621,3.0525963,12.210385,5.2675939
-37.429314,4.3461256,8.6922512,0
-39.421913,4.5635009,27.381006,0
-33.288036,0,28.275974,0
-33.986816,0,18.347782,0
-33.098995,0,12.60041,7.9974408
-40.63932,5.7712283,25.008657,12.004802
-30.34852,0,27.865826,0
-34.392899,2.6589379,31.907257,13.213531
-40.595177,2.8522532,25.67028,8.99928
-29.301785,0,18.738874,0
-37.456268,5.1817498,7.772625,8.6088152
-40.93251,1.6088034,12.870427,3.1494079
-41.926529,0,6.559958,0
-40.486679,0,9.9115887,8.3042688
-35.628407,0,22.008657,26.00104
-42.501915,0,35.48616,5.562973
-33.784176,0,23.272051,0
-26.804628,0,19.164431,0
-28.984097,7.3849788,14.769958,0
-30.606218,14.486455,14.486455,0
-29.983276,5.9199619,17.759886,8.1221571
-28.138861,0,0,0
-31.348272,4.3871193,4.3871193,8.0012798
-32.085064,0,39.827942,11.29178
-39.838398,0,23.933752,0
-38.733791,3.6971309,22.182787,5.9396529
-32.976311,0,17.429953,7.5346594
-34.664127,0,10.626428,7.6277652
-27.811136,5.0528016,5.0528016,10.224949
-41.792206,5.2521009,18.382353,13.469828
-27.437334,0,23.682652,0
-32.026474,0,43.298374,0
-36.530602,4.9716616,14.914985,11.096316
-32.296654,0,17.941511,8.1300812
-30.481823,0,17.280111,0
-40.546928,0,13.374348,0
-32.466175,0,0,0
-37.604919,0,15.748156,6.6899862
-35.881256,0,41.138157,0
-37.726013,2.3892865,14.335719,4.9766097
-42.401611,15.872008,15.872008,5.1583619
-34.070133,12.362468,24.724936,0
-31.962034,0,10.455056,0
-28.764103,0,24.802818,17.8731
-41.119469,0,14.362451,4.4238
-42.726219,0,8.5386162,14.380213
-39.646698,0,23.930315,0
-43.000916,0,16.670834,0
-24.952715,0,27.750797,0
-26.429739,0,23.832222,0
-18.693949,7.4404764,7.4404764,9.2336102
-22.82403,0,8.1473036,13.164824
-25.193804,0,0,13.408421
-34.943581,0,9.8916864,0
-38.728085,0,5.0125313,0
-36.466114,0,14.783422,23.353573
-32.007027,8.7638578,21.909645,6.6666665
-33.570915,0,25.667351,7.4139977
-32.770031,0,25.994282,0
-34.182564,0,9.7694416,0
-32.877636,0,18.873266,0
-31.639925,0,14.494854,18.950161
-32.024731,0,19.341112,0
-42.91605,0,13.270344,15.17635
-27.916708,0,7.4107013,0
-28.150337,0,35.617611,0
-26.266249,0,30.623182,21.843599
-33.753803,0,38.030045,15.360983
-23.896017,5.4168248,27.084124,0
-42.585781,1.9701328,19.701328,5.7411871
-28.172443,0,0,0
-39.859619,0,3.9054873,0
-29.111238,0,0,0
-20.517168,0,0,0
-22.287119,5.3697042,32.218224,7.5861025
-28.325342,8.7873459,0,0
-42.405045,0,7.733952,7.3607893
-34.546848,0,8.7780895,0
-30.828428,4.5745654,13.723697,0
-36.687824,0,5.7706733,0
-34.982552,0,19.627085,10.469011
-28.652737,0,26.350462,0
-31.444405,0,30.915087,0
-35.198963,0,8.7039776,23.148148
-23.653925,0,10.851871,0
-37.458836,0,6.9218521,0
-27.855627,8.5005102,0,0
-37.143925,0,18.222681,22.065313
-29.798862,0,7.1128817,0
-36.906017,0,0,0
-19.669958,10.814318,43.257271,0
-37.132458,0,10.194719,0
-30.407595,0,13.791202,0
-32.963234,0,23.601604,0
-29.812414,4.7936339,19.174536,0
-41.855469,0,9.8016796,4.4984255
-36.752499,0,16.619577,0
-39.202137,1.8415189,25.781265,0
-29.941044,0,23.164234,7.2716694
-29.971851,0,9.237875,0
-28.634415,0,0,0
-39.086472,0,16.8218,3.6734993
-35.024067,0,9.2472725,15.403574
-28.890072,0,37.425148,17.111567
-23.640272,8.4473724,16.894745,0
-30.762848,0,0,0
-32.763901,0,34.718204,14.480163
-36.059326,0,12.67802,0
-42.710136,0,13.718551,8.4324141
-30.72014,0,8.7834873,0
-29.015453,0,9.4428711,0
-25.450796,0,10.686044,0
-29.848845,13.403029,53.612118,16.388069
-32.271564,0,29.016346,0
-40.311695,2.6498489,21.198792,0
-33.711872,0,22.187708,8.0906153
-26.697432,0,0,14.136273
-30.146488,6.9046469,0,0
-21.864431,9.248127,27.744381,9.4108791
-28.841782,0,0,0
-31.023527,0,21.001785,0
-42.340115,1.2592872,12.592873,12.307909
-32.80146,0,32.419113,8.5822172
-15.113873,0,68.337128,0
-32.982716,0,26.721296,35.631569
-24.395041,0,29.819592,9.1024942
-28.038322,0,11.563367,10.281719
-42.614349,0,18.093407,0
-32.52956,0,12.472716,0
-18.15494,0,16.385384,18.214935
-27.817129,0,17.102787,0
-24.165049,0,0,0
-39.740128,0,9.548666,6.8728523
-40.690952,5.9222412,8.8833618,0
-33.531101,5.936832,17.810495,8.0906153
-20.527243,0,0,0
-41.846115,2.6271544,10.508617,3.0973177
-34.6059,0,19.455254,0
-25.908468,0,5.8183513,7.4471254
-41.251217,1.1169441,12.286385,4.187254
-34.403179,0,0,15.518312
-39.919876,0,0,7.773632
-28.073965,0,40.963459,0
-30.137167,0,30.883261,19.607843
-35.282619,0,13.330667,0
-38.447163,0,40.09623,0
-43.870987,11.82872,7.8858132,13.051423
-26.634459,0,8.9790783,12.354831
-25.441996,0,11.206993,0
-42.782688,0,13.828581,3.9796243
-30.478237,0,78.585464,0
-21.973883,0,92.42144,0
-28.898912,0,27.338837,0
-34.527058,0,35.829453,0
-32.497921,0,0,0
-34.656101,0,14.448779,0
-32.832001,0,11.531365,0
-21.808355,0,46.468403,0
-29.657116,0,0,58.47953
-37.687195,3.5950532,10.78516,4.6961584
-31.038774,0,19.68504,17.265194
-34.245659,0,61.938683,0
-37.360287,0,31.997952,8.1103001
-30.447874,0,0,17.271156
-40.706585,0,9.7763653,0
-30.615677,32.061558,0,0
-22.004503,0,0,0
-36.445915,0,5.0448995,0
-37.679905,0,0,0
-37.482143,4.095675,24.574049,0
-41.293552,0,19.176374,14.318442
-32.103737,0,5.7524161,18.653236
-32.624916,4.1816511,25.089905,12.46106
-35.538555,0,30.321407,0
-35.345661,0,0,0
-30.089186,0,0,0
-34.252876,0,32.097576,16.903313
-40.817856,0,0,0
-42.14196,0,36.363636,0
-42.84127,0,17.181393,0
-37.974182,0,56.465275,0
-28.42691,0,20.441538,17.806269
-33.447643,0,40.141296,0
-25.954432,0,0,0
-42.970894,0,0,0
-37.591152,0,28.579594,0
-43.161289,34.352455,34.352455,0
-27.443121,0,14.519407,0
-37.073612,0,48.685493,0
-39.144375,1.9624389,11.774633,10.250102
-33.471043,0,0,0
-28.326731,0,0,0
-40.880081,0,0,0
-33.37925,3.8939295,27.257505,7.1932096
-40.810406,0,5.0233588,0
-38.664944,0,31.642231,21.843599
-27.589205,0,0,0
-35.507538,0,0,0
-35.693661,0,5.6908717,9.1625433
-33.323002,16.903313,0,18.747656
-32.616543,0,21.091326,0
-27.55068,0,45.341194,23.640661
-21.691435,10.705492,10.705492,11.655012
-30.642317,0,6.6502628,9.1124477
-30.878372,0,0,0
-32.638889,0,41.511002,22.104332
-29.858068,0,7.8920369,13.312034
-30.087561,0,26.021338,0
-34.760529,0,23.228804,0
-40.172676,0,34.002041,19.069412
-34.405392,0,0,0
-31.322847,0,8.5418978,28.392958
-41.125813,0,0,12.840267
-37.705917,0,30.165913,0
-41.641472,0,15.395273,5.4007344
-26.718351,0,19.755037,0
-42.174976,0,0,0
-36.27663,0,11.630882,9.6506462
-38.782787,0,0,0
-36.438488,31.725889,31.725889,0
-40.925762,0,0,13.774105
-43.816578,2.4053495,14.432097,6.1050062
-39.747215,0,53.153793,28.105677
-43.588459,5.5179372,16.553812,2.3490722
-26.512888,0,0,0
-39.975437,43.699928,0,0
-27.676384,0,24.026911,0
-36.194416,0,26.04845,0
-41.246017,0,0,0
-40.914001,5.1114292,5.1114292,6.3661828
-41.234016,0,14.232849,0
-35.8312,0,0,25.799793
-27.304909,19.346102,0,0
-36.03257,0,0,0
-21.813875,0,0,0
-30.765968,0,0,0
-30.922859,0,22.691174,0
-26.786528,0,68.941742,36.231884
-42.540081,2.5461814,16.550179,2.4688919
.26380399,0,8.4602365,11.096316
-5.6837897,0,9.1979399,0
-25.46612,0,27.568462,0
-20.230089,0,14.810427,0
-11.959569,0,21.321203,12.094824
-1.2974181,0,11.453442,18.294914
5.5630136,0,29.143473,12.388503
-20.275076,6.0463147,24.185259,8.9895725
-31.388548,0,22.275188,3.1129375
-21.910715,0,19.328341,8.7077675
-21.452497,0,0,0
15.339801,0,47.858341,0
-9.2155466,6.982265,20.946795,0
-30.042002,0,10.820871,0
-1.2489829,0,21.762785,16.93767
-16.885477,0,57.438255,13.706141
-24.007093,0,37.119526,21.340162
-43.714485,3.9609711,21.125179,3.6493688
-21.041441,22.614202,22.614202,0
-19.684763,0,24.242424,22.075056
-5.1869178,8.5719185,17.143837,0
5.3713861,0,53.565964,0
-20.309278,1.6654453,18.319899,15.788809
-24.608088,0,19.525911,15.339776
16.746241,4.1327438,33.061951,41.181316
8.1560469,0,61.637081,17.397356
-9.6827173,0,27.777779,0
3.7299485,0,51.87619,42.24757
-30.955637,3.8520305,23.112185,4.1015544
1.8514276,0,34.81086,0
1.2545609,0,0,0
-2.7860541,7.2960749,14.59215,0
-35.228104,1.8988664,17.722754,6.528779
-8.8672075,0,36.849377,0
1.1709924,8.8284626,19.864042,9.4428711
-37.551521,5.7967653,17.390297,0
-13.295697,13.551971,67.759857,14.723204
-22.922644,0,23.775558,0
-17.012011,0,22.489599,0
-28.156668,0,8.4580898,0
-25.098444,3.8955979,15.582392,6.2680206
-5.1371551,0,11.474469,0
-16.476183,0,0,0
-22.126989,0,13.959462,9.4643192
-11.414865,12.9887,51.9548,0
-26.261305,0,18.771749,11.458692
-4.5318351,0,33.910622,10.725011
-25.663301,0,31.01737,13.144059
-6.4796424,0,7.6010947,0
-25.642008,0,5.6952472,9.2030182
-19.820021,0,9.6404123,0
-14.764874,0,0,0
-21.950998,2.536912,15.221473,8.8628912
13.120135,0,17.283096,0
-39.808189,2.1899569,12.802825,5.4404812
-21.313047,0,8.8343124,0
.81885386,0,4.6507301,0
-43.247017,3.2601697,13.855721,7.7435341
17.047899,0,16.586498,0
13.316722,0,17.028233,16.857721
-19.068022,0,20.614305,0
.15009166,0,14.519267,0
7.1791329,0,39.120571,0
10.547656,0,15.085232,18.917896
21.899614,0,32.032803,10.449321
2.8544259,0,16.661114,8.9055128
-7.239778,6.8653026,6.8653026,0
-8.178586,5.91471,41.402969,9.5238094
-13.847436,0,65.789474,0
-13.561975,4.9164209,9.8328419,8.4602365
-22.183474,29.308323,29.308323,0
-31.749359,4.0698385,18.314274,0
19.739,0,12.612726,0
-16.506174,11.42596,68.555756,18.335167
-13.837476,2.6114433,15.66866,0
17.463305,0,21.228418,0
-12.899858,5.9858732,29.929367,0
-29.590393,0,10.936731,9.4161959
10.926082,0,13.48254,0
-22.541113,0,6.5980468,8.9895725
-29.674791,3.8550501,11.56515,6.2492189
3.623549,20.53388,0,37.537537
-22.286886,0,12.649422,0
-1.0311179,0,0,0
4.0636277,0,28.782499,0
-15.169919,0,21.734406,11.307101
5.0946832,0,17.61804,0
-14.77123,3.6411302,14.564521,0
-20.272478,0,27.247957,11.841326
-12.748376,0,15.840329,26.795284
-8.8610163,5.1690273,10.338055,0
-31.675716,0,17.374685,0
-19.735693,0,13.627691,0
15.65301,0,19.908421,0
-26.954027,0,9.8629055,0
2.2582841,0,15.07568,14.196479
.59630442,0,16.500393,13.562737
-.40246722,0,28.810141,20.601566
-.65535879,0,20.96546,4.5649595
-4.7144752,0,0,243.90244
8.6445112,0,36.384808,0
-7.5165458,7.2103252,21.630976,0
5.3646188,0,8.7588682,13.900473
-25.403349,0,32.465775,0
-26.687288,0,10.925977,9.17768
-12.598168,0,15.344483,15.028554
-21.545286,0,54.525627,54.734539
-22.52136,0,6.037189,10.501995
-4.859201,20.663292,10.331646,0
-3.351995,0,26.532236,0
-24.924208,17.385258,17.385258,0
-20.184793,6.8380742,34.190372,0
-19.337229,0,18.171576,3.8464496
-15.46919,10.279605,10.279605,0
12.79761,0,6.7874837,9.7465887
-16.545919,0,16.31987,12.336541
4.9641137,0,28.295547,6.1797056
17.583742,0,34.794712,0
-28.887564,6.2648792,12.529758,13.495276
-6.9806762,5.4301591,16.290478,5.4869685
-11.060536,0,19.015926,6.7558436
-15.795026,3.903734,35.133606,4.5837917
3.2741075,8.491127,25.473381,14.343086
.4805589,0,35.476269,3.6200407
-10.349282,0,14.375045,0
-.49115893,0,34.520851,9.3161917
-25.974173,2.5663729,19.247797,2.3404953
-23.739782,3.4941669,17.470835,6.9719095
-31.713861,1.3040529,20.864847,3.7065866
1.5770211,0,54.424732,0
-25.315062,11.721955,23.443911,0
6.4899011,0,35.063114,23.036167
-6.3606086,6.6666665,33.333332,17.024174
-7.8990607,4.2611217,21.305607,5.7870369
1.2768312,4.4361634,17.744654,5.9333096
-32.839439,2.514719,20.432091,4.8382807
11.486278,0,14.387454,16.436554
2.0957856,0,29.857876,8.9461441
3.3212609,2.9964342,20.97504,4.3391476
4.3849397,0,12.724265,9.8590164
-1.3281341,0,6.5376568,0
-21.923536,4.5813417,30.542278,12.950013
-5.1618133,3.1816735,41.361755,17.438313
-13.732923,0,6.8119893,19.853086
-39.644947,1.213124,16.741112,5.4361615
-15.106408,0,28.837835,8.6602583
-23.159414,1.4915578,20.13603,9.6190844
-23.508154,1.2263919,26.980623,9.5854301
-13.713399,6.9812903,6.9812903,0
-13.095086,0,37.116768,12.517211
-17.358767,0,17.828489,4.9005194
6.2216058,5.8889346,11.777869,0
-6.4635367,5.9340138,17.802042,14.86105
2.1980653,0,17.229002,8.1142483
-27.949791,2.4904895,23.244568,6.9964862
-20.762617,4.6749363,24.153837,4.1125183
-25.860746,0,32.911579,16.313213
3.2436929,0,21.388544,5.4573236
-16.430731,4.0930595,18.009462,1.3033051
4.7441354,0,20.879005,0
1.764647,4.6146746,4.6146746,0
-3.6141639,0,27.351051,8.1182013
-42.43108,1.743588,24.410231,0
-25.830072,2.6796002,32.155201,5.5741358
5.1991296,0,29.354208,0
-7.1587501,4.5909467,18.363787,0
-11.086274,0,12.044565,6.6242714
2.5766206,5.8616648,19.929661,10.898335
1.6778665,0,28.924026,0
-21.207037,4.4304638,16.245033,5.3607807
-16.251661,2.0152352,24.182821,6.953136
-5.550653,1.3254514,26.509026,9.2876377
7.5029016,11.614402,34.843204,19.470406
-24.800447,5.1193838,20.477535,12.202562
-6.7908721,5.6417489,50.775742,8.1539469
-15.322877,2.2053149,19.847834,7.7827067
-4.398973,7.1488142,35.744072,8.1819668
-15.801362,4.9653664,17.378782,3.0485947
-19.827272,0,24.895576,7.5159717
-13.515325,5.0655994,25.327997,16.363934
-.69389105,0,24.203308,0
5.8915277,0,84.949738,0
-3.3758254,6.6089487,6.6089487,9.5620575
-39.944683,2.3199704,15.079807,1.9194595
-22.209723,0,20.430401,6.4077921
-42.173199,.57644862,15.564113,9.4124737
-33.857338,4.320961,8.641922,16.017941
-30.608017,0,18.760553,0
-38.357239,1.0924187,15.29386,14.971181
-31.358923,0,22.631262,0
-27.722698,0,34.211426,0
-37.974682,2.4454062,4.8908124,0
-38.638718,3.5283012,14.113206,6.4785299
-34.60672,0,40.325291,0
-37.740765,0,0,0
-33.784603,0,30.800577,8.2528677
-28.718872,0,16.286646,0
-19.229025,0,31.255426,5.206706
-38.700787,2.5334628,16.889751,16.852039
-36.531223,0,21.810251,4.3021855
-36.032223,2.1361327,25.17585,7.214767
-21.933859,3.2727869,29.455082,7.5414782
-24.902948,5.214036,26.070181,8.4774504
-39.737522,3.8420656,14.087573,0
-37.001469,1.8130722,19.943794,6.5863137
-30.011589,2.7142565,18.999796,11.831519
-19.787558,4.3773255,30.641277,6.0299082
-35.731647,0,9.2602119,2.3613865
-15.778207,0,17.188038,0
-41.164162,1.4828105,14.086699,7.9214196
-42.953053,1.0045304,5.0226521,8.1719379
-26.510496,0,67.762154,0
-22.465658,0,22.308979,9.7751713
-25.793982,1.7048264,30.686874,10.252204
-14.974412,7.0190215,35.095108,8.8511238
-27.252848,0,5.8469276,0
-36.481174,2.2518973,9.0075893,7.6593137
-31.937916,0,16.514595,0
-19.037371,4.5226359,9.0452719,0
-41.488914,3.0868328,12.34733,2.5013757
-42.545521,.7640723,11.970466,7.35957
-34.849216,0,33.528919,0
-43.498741,0,0,0
-41.927448,3.3918772,18.090012,4.7559409
-29.854218,0,15.35155,0
-30.823715,0,13.019138,0
-42.170742,2.6446631,10.578652,7.2025352
-41.635715,0,13.614241,4.8933253
-25.800398,0,28.812216,0
-29.672049,0,8.1129322,0
-27.640669,0,54.061359,0
-41.940598,0,24.524229,0
-32.671925,11.520738,34.56221,0
-39.841515,2.7254641,16.352783,9.0383224
-38.860943,6.7657471,36.083984,7.951654
-33.981998,0,23.408239,0
-26.637861,0,27.332859,10.04016
-36.401264,3.5450935,10.635281,4.5812716
-27.770796,0,21.049309,13.113034
-42.257454,0,21.084814,3.4911325
-28.79006,13.340448,26.680897,0
-35.89674,2.8280542,33.936653,0
-35.809498,0,10.136847,0
-31.869444,0,35.059601,0
-35.176628,12.380835,30.952085,0
-33.341141,0,40.045383,6.9939852
-39.129662,2.2900589,22.900589,4.7605448
-39.317062,0,2.6381047,12.153622
-37.607128,0,32.510635,0
-29.962946,0,15.266593,5.5797343
-28.343174,3.0469227,24.375381,0
-39.315742,2.0932765,18.839487,13.982103
-33.642014,0,4.1089697,0
-37.664047,0,10.957704,0
-36.897293,0,20.337605,8.6065922
-22.148378,10.674637,21.349274,0
-28.426075,0,0,0
-15.656175,0,34.135517,33.806625
-39.543987,0,14.171733,0
-26.59849,0,8.6080742,0
-42.313339,0,12.979657,5.6376143
-41.845837,1.1108519,14.441075,3.7411149
-29.909973,0,36.363636,0
-29.930576,11.730206,11.730206,0
-39.954971,0,37.899296,8.698678
-39.078976,0,11.432117,5.6902242
-40.159428,0,18.938498,14.749263
-30.271307,0,12.115338,0
-30.241768,0,37.268238,0
-24.916006,11.487651,22.975302,0
-43.190166,.75223035,20.310221,6.7123103
-35.833809,0,22.801376,4.3256335
-25.894129,0,0,0
-43.986614,2.073384,22.807224,8.2453823
-33.103554,0,19.349846,0
-34.683289,0,39.988003,17.979145
-23.034159,7.6728306,23.018492,0
-33.777412,0,10.29654,0
-29.299826,0,41.212833,11.307101
-28.857937,0,44.150112,0
-32.168221,0,21.119324,20.032051
-34.058388,0,24.46184,0
-32.414692,0,29.019152,0
-43.128258,2.2295847,19.620346,5.1162858
-39.163013,0,21.729851,4.0936632
-41.971119,0,25.584507,7.4738417
-34.991013,0,27.380007,4.5977011
-28.733646,13.078734,13.078734,0
-43.91674,0,20.742872,0
-38.18647,3.5847433,21.508459,6.7394528
-38.524307,1.6138924,19.366709,6.3722677
-42.705051,1.9447379,17.687855,4.7772055
-35.73315,0,27.01729,8.4090147
-16.710878,0,50.291691,13.854253
-22.755919,0,11.293055,5.876822
-20.15074,3.859067,15.436268,6.3492064
-29.36149,4.1690989,12.507296,0
-13.164292,0,32.819168,0
-35.450405,0,10.834236,3.7169194
-31.800497,0,8.2784882,11.208249
-43.814354,0,22.209061,0
-38.632751,0,17.561832,0
-17.222628,6.3047729,25.219091,18.779343
-27.50893,0,65.412918,0
-38.187172,0,8.5346079,0
-43.602436,0,8.087779,0
-19.648993,0,12.727504,17.470301
-43.105724,0,0,0
-28.500669,8.0405245,8.0405245,0
-35.85527,11.941725,32.839741,4.6541934
-32.165054,0,14.934289,0
-24.706308,0,18.534822,14.118312
-29.532822,0,0,6.2305298
-27.857286,0,5.3602057,6.6242714
-37.05888,3.2889328,19.733597,7.9421811
-37.521065,0,9.2336102,4.6360688
-21.128435,0,0,18.35536
-30.048233,0,17.77146,24.533857
-21.196432,0,55.627666,0
-34.606945,0,17.500109,23.557125
-29.881132,0,24.631889,3.478019
-24.87974,0,8.6132641,9.1979399
-28.604948,0,46.87793,0
-32.315586,0,13.82361,25.491995
-32.865891,0,18.181818,0
-43.402782,0,51.390762,0
-17.521387,0,0,0
-24.747747,0,30.030029,0
-30.737858,0,0,7.6207895
-17.918417,0,59.092922,0
-27.817499,9.4562645,23.640661,0
-34.350536,0,22.460974,0
-15.743482,0,17.534632,0
-30.97146,0,49.858734,0
-32.887558,0,4.8595586,0
-22.977095,0,16.249594,0
-29.392048,0,19.314962,21.190929
-20.327784,0,28.731504,9.6899223
-25.605654,0,20.631319,18.224895
-38.44957,0,0,14.480163
-27.219049,0,26.518166,0
-30.180782,0,13.020833,0
-26.35824,0,23.275059,0
-34.8634,0,7.80762,0
-24.888777,6.0117831,60.117832,0
-24.562483,0,10.213461,0
-36.768261,0,26.674669,0
-23.969774,0,0,12.588117
-32.507359,0,39.00156,0
-24.818419,11.785503,23.571007,0
-26.349314,5.8230944,17.469284,6.3467884
-36.678719,0,18.982021,0
-34.95145,0,10.41016,0
-24.995161,8.6415482,34.566193,12.059816
-41.242828,1.7011142,22.114485,7.2785983
-36.747334,0,29.680365,0
-38.401321,0,10.40691,0
-28.692837,0,7.335681,0
-29.80113,3.144819,10.48273,3.394433
-40.194447,0,11.577201,0
-22.585897,0,11.934598,0
-23.322714,0,0,0
-13.446031,4.4909506,22.454754,12.712942
-17.090437,0,0,18.939394
-33.204258,0,18.041857,0
-23.074614,7.9541841,0,12.138868
-33.757149,0,25.759918,0
-28.353107,0,30.627871,0
-30.693037,0,40.827435,0
-36.090183,0,8.2336149,0
-33.155861,1.7642285,10.585371,0
-20.541712,0,18.68635,0
-14.267507,2.7362776,21.890221,3.394433
-8.968545,0,3.540199,6.7285695
5.2792306,0,55.564377,0
2.0220017,0,27.981421,0
13.727542,0,0,0
12.804149,0,34.85471,10.964912
-.45370623,0,14.124293,9.3005953
19.032709,0,31.749392,0
-2.4333243,5.6782694,22.713078,9.1675835
9.109828,0,36.873158,18.436579
14.683658,0,36.920803,0
6.5398126,0,31.895891,8.6355782
-2.3591475,0,14.822134,14.214641
5.4860253,0,24.4846,16.048788
3.9816537,4.0489106,44.538021,25.720165
-.4350104,6.6220779,26.488312,10.339123
7.6812615,0,21.530071,5.079752
-19.379118,3.5947301,16.176285,14.896914
-1.2604651,0,26.588673,0
-13.074975,0,42.868515,13.175231
11.344531,10.206164,40.824657,16.989466
-3.4125991,9.610302,19.220604,14.967819
-9.8986979,4.7174263,51.891689,0
-25.983217,4.2365403,25.419241,3.9404209
-22.498888,2.231097,25.434505,6.788559
14.26147,0,45.465816,19.069412
17.781435,6.3669934,38.201962,12.322859
22.371874,0,0,38.85004
-10.181886,0,17.634611,0
-31.65517,2.4558358,13.916404,7.4593468
2.7720132,5.8251295,5.8251295,8.2467422
20.638544,10.563008,63.378052,12.4471
7.7194924,0,48.587494,0
-19.776957,14.683479,14.683479,22.569967
15.679034,0,38.218994,11.238481
-5.5151763,4.5772877,22.886438,0
-11.742768,0,22.908459,10.642827
-17.022619,0,29.99143,8.99928
-.73536444,0,72.219551,13.650014
6.2905984,5.8213997,46.571198,7.5414782
-16.252653,0,36.343464,19.709871
4.9462075,2.2936306,41.285351,13.331201
-11.133569,3.4867504,24.407253,0
-14.068849,0,23.610178,15.64064
8.3865309,7.257421,36.287102,18.630301
-5.6484199,0,28.550453,18.32173
14.078303,3.3575075,50.36261,4.9397354
-9.5989084,0,16.639858,4.4115052
3.2144914,0,16.873365,0
-.86820364,4.2859592,17.143837,14.064697
-2.7723212,0,0,31.58061
14.800197,0,6.9098949,7.5517292
-2.8906569,0,28.63381,5.7850285
10.099452,3.477535,20.865211,4.6168051
-12.890626,0,31.055901,18.545994
.69927073,0,20.108587,0
-6.1199584,0,46.339203,7.7160492
.94308329,0,10.840109,9.6172342
.067602657,4.6908717,23.454357,0
14.41949,13.031863,32.579659,11.18193
-16.139162,1.6098912,14.48902,0
1.6495156,4.1821756,25.093054,6.6269054
13.172351,0,30.556122,10.801469
-1.0954413,8.8806,31.082102,6.9357748
-.25745913,0,48.624619,0
-9.6331835,23.04413,23.04413,22.311468
11.913104,10.471204,28.795811,10.617402
16.64123,0,51.440331,5.0035024
8.864749,0,19.818659,7.1777205
-3.9864707,0,0,10.528532
-5.585546,0,20.875374,0
18.615274,7.837605,86.213654,21.150593
-.48635623,0,31.559015,0
.44848493,0,22.436617,10.262726
-11.916089,3.9895475,17.952963,0
-4.1079345,1.2162639,20.676485,14.340344
1.9472566,0,41.893589,8.644537
5.9344811,0,48.608578,30.248034
11.47037,10.332713,30.99814,9.1474571
-2.6572242,0,36.110394,14.263301
.66981745,0,68.475563,23.573786
2.8351693,7.233273,39.783001,4.1295013
-24.585672,0,6.2313061,0
-26.92235,0,8.4559441,0
-25.313452,0,42.235676,0
-34.506992,0,22.78631,0
-16.935957,0,22.625713,10.224949
-19.492788,0,12.262416,17.379215
-25.275244,0,16.198267,0
-20.648394,0,38.814854,23.116043
-7.7190452,0,24.943876,18.315018
-37.367134,1.5274872,16.802359,3.8322985
-40.334984,0,13.862127,6.195787
-9.6125727,3.2362459,22.653721,19.323671
-19.1984,0,30.830893,0
-31.95801,0,43.616177,0
-17.569643,0,24.252224,0
-32.006767,2.401191,14.407146,8.0886517
-23.54954,0,0,0
-2.8308158,0,0,0
-33.803535,2.0414412,16.33153,5.577867
-18.347197,0,0,0
-20.1984,0,12.879959,0
-22.108507,5.2064352,20.825741,0
-24.454012,0,14.367816,0
-27.499794,0,22.109219,0
-39.546108,0,16.106024,8.8723269
-29.958479,8.966197,8.966197,0
-20.983725,0,13.003056,27.708506
-10.571252,0,19.833399,0
-10.512815,0,65.238663,0
-18.932867,0,27.612867,0
-22.810442,0,0,0
-15.99569,0,17.236921,0
-4.5493484,0,21.290186,0
-7.6524978,0,18.123604,3.9215686
-37.049526,1.5323322,15.323322,7.3762631
-27.242739,0,22.024006,15.948963
-18.618689,0,17.292063,0
-34.654427,2.1586616,17.988848,7.096426
-23.369829,0,21.450022,0
-13.778684,0,14.808233,16.886187
-25.692148,6.570734,19.712202,10.37775
-9.0853815,26.136957,26.136957,0
-23.573881,0,0,0
-23.576406,0,27.723869,17.692852
-13.870313,4.3127613,34.50209,7.558579
-13.353997,0,9.9770527,0
-42.438869,1.5272918,21.191174,8.6439581
-29.901882,9.8850517,16.945801,13.598042
-42.990879,4.2934422,13.595901,6.0175714
-30.128988,3.6591167,14.636467,6.8587108
-22.575895,22.271715,22.271715,0
-17.055052,0,4.9448647,8.9895725
-31.727989,0,4.2263641,0
-25.22275,4.3146224,17.25849,16.323866
-28.278654,0,11.097548,0
-28.972866,5.5063047,27.531523,0
-23.544519,0,9.305788,0
-22.653135,8.1446486,16.289297,0
-8.8642664,7.8585463,39.292732,0
-23.838068,7.9706678,7.9706678,12.751849
-21.061701,0,51.007397,0
-16.68685,0,0,0
-32.009903,12.626795,29.462519,6.0960741
-17.450148,0,32.840721,0
-21.252619,0,13.248543,0
-3.043241,6.6146317,19.843895,6.979341
-22.370131,0,9.9601593,0
-19.115641,0,0,0
-23.222414,0,0,0
-18.785872,0,40.895615,0
3.3966165,0,17.295801,8.8347025
-27.2507,3.0351777,21.246244,0
-21.61841,0,26.253611,16.886187
-7.2669425,0,0,0
-22.057623,0,9.2833271,0
-6.8091216,0,17.391304,0
3.7794938,0,24.307243,10.656437
-22.710249,7.1797819,7.1797819,0
-30.931658,7.1976104,14.395221,5.125051
-26.616796,0,12.197105,14.86105
-23.730509,6.4821415,25.928566,32.341526
-15.269883,7.0219789,14.043958,0
-25.559973,0,35.387791,5.1888752
-7.6352172,0,43.754101,0
-31.084654,0,41.841003,0
-28.619133,0,26.683744,8.716876
-33.565388,5.4585152,5.4585152,0
-9.3149042,0,0,0
-1.7543235,0,0,0
-11.36929,0,0,0
-29.675205,5.8043361,17.413008,0
-34.598785,3.49406,23.920874,5.5527792
-33.075684,7.6704764,15.340953,11.392117
-31.527563,5.3607807,10.721561,0
-12.267426,0,25.947067,0
-24.747087,0,45.589241,0
-21.43717,0,19.789104,0
-2.908361,14.198495,28.39699,24.654833
-24.998098,0,70.089363,0
-10.973035,0,22.088709,0
-16.50123,19.629011,9.8145056,22.522522
-19.555956,0,38.940811,24.050024
-12.514829,0,16.730801,19.290123
-16.185675,0,42.311413,9.8270445
-25.885279,0,20.438751,10.943314
-33.023273,0,25.337837,40.209087
-13.245988,0,46.024624,0
.8937211,0,59.02491,20.525452
-11.542832,11.115434,5.5577168,0
-18.221048,47.147572,0,0
-10.516328,0,61.110687,12.531328
-38.753483,0,14.814815,0
-24.579222,0,33.011471,13.269639
-24.546442,0,28.872528,0
-34.900753,0,0,0
-35.952576,0,31.862354,0
-31.607889,0,0,0
-40.728424,0,19.904459,0
-38.875519,0,0,11.399909
-29.206442,0,0,0
-39.180218,0,9.116601,0
-39.219242,8.8237886,35.295155,8.2508249
-36.405945,0,80.949814,34.013607
-35.479893,0,36.852772,0
-42.187168,2.2628529,22.628531,8.5711832
-40.874355,0,19.976028,6.5104165
-27.178934,0,0,0
-22.752722,18.24651,72.986038,0
-26.259363,0,115.74074,0
-42.658791,0,40.933277,0
-33.467056,0,46.685341,0
-37.149403,0,0,0
-28.686241,0,48.079811,11.215792
-43.311302,0,49.751244,0
-43.49427,0,39.908779,10.541851
-26.547266,0,36.337208,0
-32.166634,0,161.17891,0
-35.421333,0,0,0
-37.42136,0,54.899807,0
-42.827084,0,9.6730509,0
-37.03743,0,0,0
-31.751627,0,43.187218,0
-34.729877,0,62.607605,0
-37.928688,0,0,0
-42.412575,0,16.380016,0
-28.477266,0,126.26263,0
-29.340427,0,55.561729,0
-32.730297,0,18.737118,0
-21.827311,9.1407681,63.985374,0
-25.118212,0,18.331806,22.768671
-40.70681,0,63.411541,0
-36.006306,0,0,0
-38.704082,2.8733156,20.113209,0
-31.461882,0,0,0
-38.33984,0,108.28371,0
-34.218674,0,98.328415,0
-39.203213,8.7298126,43.649063,0
-37.643631,0,0,0
-23.493032,0,0,0
-40.966805,0,8.5269661,12.033694
-18.992826,0,0,0
-40.495533,0,215.05376,0
-22.997683,0,0,0
-21.78396,0,16.347883,0
-39.371559,9.1457834,27.437351,0
-10.606416,0,0,0
-29.681688,28.801844,0,0
-32.05827,3.6559062,25.591343,0
-29.116236,0,14.985764,0
-22.822973,0,52.973118,0
-34.352249,5.2862506,15.858751,0
-18.259047,0,0,0
-33.339447,0,0,0
-35.341469,0,17.073587,19.245573
-27.404922,0,0,0
-26.233503,0,0,0
-26.223013,9.4428711,0,12.103607
-25.758497,0,17.758835,10.156408
-39.55381,0,12.00048,0
-33.918449,0,0,0
-33.982704,5.1200657,30.720394,7.8173857
-42.284821,0,0,0
-27.083815,0,16.160311,0
-39.86837,0,6.6992698,4.8890195
-26.687315,0,48.007683,0
-27.617779,0,32.144005,0
-21.842936,33.014194,0,0
-29.438654,0,0,0
-28.730053,0,0,0
-31.81279,10.930754,10.930754,0
-33.524681,0,50.327126,0
-25.055647,0,0,0
-32.880493,0,0,0
-37.480251,0,0,0
-12.993485,0,33.200531,0
-37.040237,0,15.935166,4.192872
-35.547661,0,12.147717,0
-29.68465,0,30.816641,0
-29.799259,0,0,0
-35.47271,0,180.61409,0
-18.673769,0,0,0
-38.978432,0,0,135.50136
-21.310396,0,15.797789,0
-30.713186,29.459419,14.72971,0
-16.792742,0,26.028111,0
-37.706051,0,36.317413,0
-37.304688,0,36.733196,0
-22.363039,0,0,0
-21.961432,0,32.923618,12.156577
-38.382542,0,24.435688,5.2427387
-36.189548,0,0,0
-28.329956,0,0,0
-40.538742,0,0,0
-35.743832,8.0314837,20.078709,6.7421789
-24.801798,12.354831,37.064491,0
-33.480835,0,0,0
-21.848127,0,0,0
-23.529181,0,0,20.300447
-30.692736,0,0,0
-32.150734,0,0,0
-15.938687,0,0,0
-36.11974,0,35.33569,0
-38.43428,12.503126,12.503126,0
-18.828585,0,44.411549,0
-35.532177,0,21.968365,22.691174
-29.931799,0,0,0
-39.356106,0,0,0
-28.990824,0,23.551579,0
-28.249662,0,0,0
-30.464191,10.665529,42.662117,0
-30.89748,0,25.654182,0
-35.95026,2.9090064,20.363045,4.2647562
-24.922392,0,17.129154,12.635836
-36.048534,0,15.855399,0
-20.255831,0,0,0
-38.770309,0,0,0
-21.086336,0,15.573898,25.4842
-23.738104,0,36.297642,38.580246
-30.546186,0,0,0
-17.154203,0,56.625141,0
-23.011572,0,22.799818,0
-36.189774,0,29.570488,0
-30.463636,15.12173,15.12173,0
-26.690462,0,0,0
-30.497742,0,0,0
-34.265564,0,16.06942,0
-41.539719,0,18.256504,0
-29.874077,0,0,0
-43.239651,13.444474,13.444474,30.807148
-37.705654,0,85.348503,0
-24.778849,0,0,0
-40.518742,0,38.066235,24.509804
-39.693375,0,0,0
-43.311699,0,37.835793,50.505051
-40.757832,0,70.052536,0
-34.151909,0,21.668472,0
-43.725761,0,17.156778,0
-39.170387,2.1737714,15.216399,0
-40.206928,0,16.294607,11.111111
-36.425106,1.3302295,20.618557,4.7463098
-37.16172,0,7.5605793,4.4444447
-38.299622,3.2716625,36.806202,12.7421
-41.832016,1.1396877,12.916461,3.1824837
-41.783001,1.7554947,33.354401,2.7787039
-43.522038,1.4357501,17.229002,8.3584089
-40.234371,.8629294,13.231585,3.0859435
-21.489489,0,0,0
-33.897411,0,22.766079,2.3530519
-22.66654,0,16.398819,10.636035
-30.720861,0,23.191633,0
-20.557493,0,0,0
-27.234875,2.2299776,23.414764,15.592978
-35.390373,4.5811667,4.5811667,12.687779
-24.039583,0,7.7444339,0
-6.3332419,0,44.672771,0
-14.681119,114.15525,0,0
-27.682182,0,29.542097,0
-43.201653,1.777367,14.218936,2.3378687
-22.517122,0,11.49954,0
-20.341314,0,28.264557,27.166531
-10.612935,4.435442,26.612654,19.670656
21.031687,0,43.84042,0
-38.293633,0,6.6535077,3.3992794
-24.180468,10.166735,40.666939,11.590172
1.8209367,0,18.77758,14.310246
-31.474871,0,47.717514,10.19368
12.165034,3.029844,27.268595,8.2304525
-29.480152,1.180317,37.770145,10.946189
.50440073,0,9.3440475,12.300123
-26.846434,1.5164611,21.230457,6.0838351
-18.256662,0,35.790981,0
-10.453881,0,24.818001,0
13.578815,0,60.618305,0
-11.230176,0,60.359138,21.367521
-26.263765,0,0,0
-28.247002,1.7324717,15.592245,3.1571636
-34.795837,2.2721076,13.632646,3.7801466
-42.558979,3.4202888,19.59733,1.6800306
-40.237396,5.1618233,15.48547,3.99968
-41.034618,1.439719,12.957471,2.1817865
-43.44371,.82075524,19.698126,5.73842
-43.474724,0,19.199385,1.6101503
-40.300671,0,28.674784,18.242849
-35.739052,1.4658887,20.522442,6.6943364
-41.172226,6.3536439,12.707288,11.617101
-42.230003,4.9923868,29.954319,0
-35.970898,2.6202018,10.480807,31.036623
-33.399551,0,33.423576,0
-28.695658,2.4850278,27.335304,0
-41.146175,2.0796075,12.477644,10.412328
-39.8242,0,29.02664,0
-36.066185,0,51.626225,0
-42.844009,1.7315418,15.583876,12.639668
-38.924328,3.6261227,20.548029,1.8300941
-42.01437,2.5160902,17.561283,.077345259
-32.650734,4.1792045,33.433636,18.109381
-42.126026,2.0590961,12.354576,37.835793
-40.112019,3.4268286,10.280486,51.011734
-40.83173,2.3452158,14.071295,576.4411
-35.148766,3.2082002,18.848175,1.0846559
-43.584408,2.5740688,11.154298,.98742026
-41.834686,0,11.400233,9.5565748
-40.711945,1.8852273,23.565342,5.3723006
-36.261749,2.352277,11.761385,10.212419
-43.53949,1.5631106,23.446659,2.4323797
-36.416092,0,18.916014,0
-41.985649,.69869483,12.576507,5.3815522
-32.418385,4.1431885,12.429565,180.99547
-39.008102,0,61.904171,21.340162
-42.902382,3.5331943,14.132777,37.489288
-39.472469,1.1281843,16.922764,32.060532
-38.895424,2.0599868,28.839815,16.335865
-42.029293,0,16.506758,7.6628351
-43.438641,0,7.0738869,11.784809
-43.401028,3.1623054,22.926714,10.425976
-37.542919,2.0384867,6.1154599,0
-37.010067,0,19.592861,3.3656435
-42.192123,1.2302544,19.684071,31.382772
-41.82349,0,21.879444,4.6104198
-35.810284,5.3847399,5.3847399,0
-35.803425,1.2520816,17.529142,1.8018018
-24.301893,0,13.610998,0
-9.8616648,13.636984,27.273968,44.622936
.11712887,0,51.686264,20.865936
-3.5986075,0,17.097914,7.8653455
-1.9548545,0,8.4317036,52.617733
2.2103105,0,31.306921,0
5.6798272,0,25.536261,10.459157
3.3925767,7.2851782,36.425892,17.307026
.34712461,0,24.614628,27.001486
-27.733976,1.6285319,17.099585,8.0211763
-27.739908,0,14.984516,12.924907
-32.187618,4.2991643,10.031384,4.7892718
-23.599649,1.6765302,15.088772,2.9451611
-3.8859534,0,0,0
-22.246046,0,31.855249,10.936133
-3.7829719,0,16.233767,20.07226
-34.567898,2.1604571,22.684799,6.2297535
-18.270163,0,18.811136,0
-.52865362,0,19.094902,0
-1.8763633,0,30.048077,11.193194
9.0700941,0,19.817677,29.239765
-19.467447,5.4059167,18.92071,4.4557323
-1.7746749,4.3295665,38.966099,5.3222632
-14.736737,4.6817212,26.529753,21.324993
-18.037661,.86347586,20.291681,5.9477787
-15.314961,0,34.309242,0
-15.601396,0,24.524832,29.976019
-31.446571,0,18.430914,7.7366447
-25.321024,4.8477798,19.391119,0
3.1828103,0,21.802525,3.4307671
-29.703939,.86013365,12.902005,3.0912857
-1.2557769,5.7141771,17.14253,9.3253136
-36.265717,1.5557988,11.40919,3.3539603
.54512644,0,12.432656,28.457598
-29.867868,2.6636655,23.307074,2.3490722
2.4117684,0,42.301186,0
-2.9646544,0,15.923567,45.850529
-6.637979,3.5546708,31.992037,9.2772989
14.487094,6.8572998,13.7146,28.97291
-35.974514,3.9085095,17.197443,3.8137372
1.9793191,3.9172673,31.338139,2.1721187
-6.939939,4.0943336,22.518833,9.2472725
-27.616802,5.4851627,10.970325,0
-25.455309,4.6640701,25.652388,9.3843842
-.051713444,9.8711815,39.484726,11.858176
4.1294961,0,33.15493,7.3227887
8.8815718,0,59.749054,74.404762
-26.936094,1.392525,16.710299,5.0390525
-8.0255022,5.5175457,27.587729,10.237511
-2.217649,0,23.275532,0
4.201529,0,11.782726,11.399909
-21.52947,6.4970927,16.242731,5.4147716
-8.4107027,1.9129969,28.694954,4.9331555
-22.52614,0,21.886028,5.4042368
-18.983477,0,12.499609,11.530036
-1.9502273,0,7.2490034,0
-.81234503,7.9579821,15.915964,20.238817
5.2964578,0,45.942448,65.086006
-34.517231,1.1698369,11.990829,3.2321665
-5.5073714,0,0,0
-12.454415,0,47.256496,31.167212
-15.956395,2.6408219,13.204109,4.0325832
-4.5724196,0,17.151775,8.9329586
-22.77659,4.5390587,20.425764,6.469142
7.8445916,0,20.59202,0
-18.944067,4.3523202,23.937761,2.0044098
-24.558001,0,14.883801,4.1739712
-4.9465804,0,0,13.517167
-14.410554,0,34.579639,0
3.1899667,5.2773232,26.386618,0
2.5433145,14.210601,28.421202,0
-12.141355,4.014452,28.101164,5.3299222
.16447307,0,35.283108,0
-13.910512,0,10.900371,29.498526
-31.581347,1.3142159,13.142159,2.5637081
-15.558713,0,22.500563,7.218132
6.7808328,3.8352749,47.940937,9.3798571
-25.244711,0,19.689468,6.6507049
-30.697935,2.6394277,21.115421,2.0022426
-17.952715,2.1915886,24.107475,3.6461751
1.5615983,0,16.314354,5.6382499
.56708384,0,34.44281,0
-28.794752,0,20.851795,3.9429066
-19.877558,0,20.895002,7.0264192
-23.092314,2.0362036,22.398241,3.3154299
2.4165368,0,0,18.175209
-20.21567,0,5.3236799,0
9.4273787,0,31.476236,91.575089
-19.024099,0,26.529339,10.131712
-4.8253417,2.9947293,29.947292,21.6394
-27.589048,1.2898676,10.318941,4.7698092
8.1631346,7.392622,0,6.3759246
-7.4365249,0,28.614349,9.4268475
-3.7274261,0,9.996501,40.625633
-6.230722,2.3126199,20.81358,5.2438383
-8.9206896,5.9070234,19.690079,3.3507574
-4.6537681,5.461894,18.206314,7.1808128
-25.235968,0,13.248543,0
-1.0543647,0,24.250263,0
-32.441338,0,0,0
-35.043694,0,18.256504,0
-20.666101,0,83.502327,14.518003
-12.683465,0,0,0
-37.992615,0,0,0
-35.876095,25.89332,51.78664,0
-26.085272,0,62.814072,0
-40.024498,4.2508874,4.2508874,4.1061015
-27.895037,0,13.92176,14.184397
-26.201727,0,17.295053,0
-25.561548,0,0,0
-17.833952,0,47.641735,0
-27.17708,0,37.425148,0
-18.024004,0,0,0
-32.820518,0,45.0755,0
-20.609465,0,0,0
-13.790315,0,0,0
-31.938599,0,0,0
-26.757967,0,51.652893,0
-13.274236,0,0,0
-27.131514,0,0,0
-10.248597,33.704079,67.408157,25.4842
-23.239466,0,13.653741,0
-12.813783,0,0,22.737608
-30.297394,0,0,18.621973
-21.838907,0,28.487324,19.493177
-23.880884,0,13.21004,0
-26.191111,0,21.956789,12.722647
-23.29767,0,26.791695,0
-32.705185,26.406126,0,24.437927
-5.80586,0,0,0
-28.309372,0,10.615711,0
-28.453314,0,35.574528,0
-35.707848,9.0801783,9.0801783,0
-29.895069,0,0,0
-33.179188,0,0,0
-27.312876,0,7.2584743,0
-8.4265299,13.664002,6.8320012,0
-19.881784,0,0,0
-8.465066,0,39.745628,0
4.1171975,20.504408,82.017632,28.835064
-33.685204,0,0,0
-27.516111,0,9.4750805,14.269406
-38.580723,0,38.639877,0
-33.023434,0,26.368526,0
-38.391754,0,0,26.00104
-36.944035,0,0,15.812777
-36.769444,7.7315602,7.7315602,0
-40.717133,1.7436488,20.923784,3.1059759
-27.080904,0,50.505051,0
-38.052101,0,5.1891441,0
-12.099973,0,31.903742,0
-40.237564,1.9584035,21.542439,10.133472
-43.466011,2.5367191,17.757032,8.1221571
-42.459175,3.1681662,17.952942,3.2400208
-26.808241,5.2545848,21.018339,4.5142651
-42.611145,2.553561,10.214244,15.653127
-35.887268,1.4887599,16.376358,4.1521344
-27.420422,0,26.746014,6.4176612
-37.872414,0,16.796137,6.9998598
-35.153866,0,3.3671167,5.3078556
-41.798065,0,11.892993,1.158856
-43.895561,.82298428,16.459686,3.1833954
-33.978138,6.6368012,13.273602,0
-40.090809,1.9987408,17.988667,4.31146
-35.540936,3.1230481,9.3691444,5.1599588
-43.536758,2.1313326,23.44466,6.8054991
-38.819019,0,17.508366,3.4125035
-43.27914,0,17.876753,0
-40.322765,0,11.051678,4.5425639
-41.545403,1.1942438,13.136682,5.0952816
-28.570517,0,8.3059931,0
-43.94009,1.0909973,12.682844,3.3508053
-23.867704,0,20.074678,6.579813
-33.895859,0,19.329008,0
-43.20657,1.3426712,13.158177,3.9672644
-43.480465,3.3722262,23.605585,5.8102374
-32.12328,3.5520194,28.416155,0
-32.565121,0,26.341785,0
-43.957279,0,26.560425,5.8788948
-24.450666,0,10.190217,11.853959
-30.280767,0,9.3214016,8.3375025
-23.582533,3.0468297,12.187319,12.790996
-42.266979,1.8886454,15.109163,2.9992201
-25.694651,3.6250272,10.875082,0
-42.793182,2.6809652,6.7024131,9.5721264
-40.983444,5.4064283,24.328928,0
-30.749798,1.7215853,15.494267,11.129661
-43.63023,1.8719405,17.783436,1.7831033
-36.701576,5.7557268,37.412224,0
-36.97345,6.8222132,17.055532,0
-42.432571,3.2401257,22.68088,0
-20.212927,0,10.302375,21.987686
-37.660469,2.6417985,13.208993,4.1020594
-24.460199,0,13.203935,0
-29.201639,7.9063883,7.9063883,0
-40.524197,3.8750677,11.625203,7.8064013
-38.177013,1.3507125,10.8057,0
-26.403315,0,40.81216,0
-43.469223,2.8870862,31.757946,16.625103
-37.436401,0,45.949547,0
-31.144279,0,10.147476,0
-34.840866,0,12.498125,4.58884
-18.736742,0,14.477367,7.0921984
-39.833805,0,17.765671,0
-34.480469,0,17.240389,4.5425639
-34.230053,5.418684,16.25605,5.295208
-43.980892,3.3100526,16.550262,2.533313
-29.151579,4.011714,16.046856,7.7240953
-41.598442,5.205893,19.088274,4.9207754
-38.752537,2.3536611,16.475628,8.5470085
-40.822437,1.4056592,21.084888,2.0802131
-38.603825,0,7.4487896,13.517167
-41.382771,3.8027151,7.6054301,5.3521729
-13.092023,9.7040272,38.816109,0
-42.982265,4.3910685,10.977672,7.8477535
-33.511192,3.6497016,10.949105,3.1158471
-42.615913,5.667007,12.467415,3.9443064
-42.088337,2.9677112,11.870845,5.1695614
-38.48632,0,24.264778,0
6.9171166,0,40.842522,11.896265
-32.124058,21.204411,42.408821,0
-1.2155242,0,29.188559,0
-41.736252,0,17.686594,0
-25.885706,0,13.452613,0
-21.005659,0,27.603975,0
-11.095105,0,8.8035917,8.1779518
-16.02194,0,36.22401,0
-32.913815,1.8901805,20.791986,6.8362045
-24.270773,2.7564914,13.782457,8.4495144
-5.3199439,0,4.115057,29.002319
1.9300675,0,13.001365,0
-38.250145,0,0,0
-38.293232,1.8670824,14.003118,4.2702193
-6.30195,20.580366,0,0
-33.402714,.99317688,16.884007,12.809252
-15.282643,0,0,0
-22.383837,0,45.363819,0
-24.624601,3.8057542,17.125895,8.1619329
-32.42807,0,15.205271,17.730497
-4.9790854,5.5181546,11.036309,0
-22.559328,0,23.485205,0
-32.278034,0,43.020004,0
-35.92466,0,20.260139,3.2814858
-27.602333,4.4927669,31.449366,5.6211352
-25.639536,3.0287428,24.229942,5.9080706
-36.74543,0,0,0
-23.885977,0,42.918453,0
-23.797441,0,25.700335,0
-35.764896,0,0,27.412281
-1.6040854,0,0,0
-9.019803,0,28.071489,12.722647
-26.951403,0,23.674242,10.683761
-17.461267,0,30.693678,25.523226
-3.7053428,0,25.69043,0
-37.823887,0,13.063699,0
-31.944189,0,0,0
-24.079237,0,21.512316,0
-4.306169,0,26.167736,0
-5.702703,8.8886251,41.480251,17.768301
-20.403635,4.541945,13.625834,19.025875
-21.530672,0,36.941265,10.01001
-9.3504267,0,33.129036,0
-20.229361,0,33.619095,25.621317
.40936902,2.7974374,27.974375,5.9694366
.79197931,0,9.2302008,0
-29.827684,0,28.050491,0
-17.355581,0,27.192387,0
-22.025095,0,46.360687,16.518005
-17.505018,0,53.682629,0
-20.418489,0,30.004059,0
-31.013073,0,23.185719,0
-26.936178,0,34.305317,0
-2.7721801,0,10.517459,13.93534
-39.994545,1.256476,24.501284,5.6337233
-20.389265,6.5280542,16.320135,9.0826521
-30.975708,3.2899065,29.609159,0
-23.761713,0,19.247055,0
-24.227301,8.6184607,34.473843,16.733601
-30.650963,2.6604943,15.962966,0
-14.83075,0,22.294415,10.649628
-24.320955,4.2048607,29.434025,6.7340069
-26.814516,2.2493646,20.244282,4.3077455
1.548739,0,21.326509,0
-23.732042,0,26.723677,0
-22.791586,2.4545298,14.727179,0
-17.125986,8.7584848,17.51697,11.816141
-.84472418,3.703155,25.922085,0
-34.465694,0,20.974411,12.042389
-40.574142,6.065753,12.131506,10.857763
-16.462954,0,18.251505,0
-41.039577,1.0516878,17.878693,6.5926533
-13.820142,0,15.772871,9.7125101
-43.450951,2.7689326,16.613596,17.22831
-30.864494,8.8975887,26.692766,0
-32.720387,0,0,0
-38.647552,0,27.886225,0
-42.316612,0,15.088646,0
-42.266342,0,24.880779,0
-39.003719,0,18.48315,13.18044
-41.809086,0,14.436264,0
-43.25423,0,0,0
-43.002354,1.9650998,15.720798,4.3641443
-39.304825,2.3207779,27.849335,0
-39.66391,0,13.630788,12.679092
-42.701378,2.5689771,8.9914198,2.3991172
-34.240284,0,20.327682,0
-39.746048,1.9079357,23.531208,5.3772116
-43.369411,0,16.675005,0
-40.884525,0,19.621035,0
-43.849613,0,26.490067,0
-42.049404,2.0802131,20.80213,0
-39.99831,0,19.648296,18.294914
-42.561283,17.934002,0,0
-36.397648,2.2435107,22.435106,0
-39.347404,1.7485574,27.976919,5.9747863
-35.677082,7.852499,26.698496,8.0476418
-29.6539,0,21.920744,11.542013
-38.315228,.89271367,21.425129,5.0125313
-35.893948,0,18.728823,11.2328
-43.507519,.80532157,11.274502,9.2673502
-33.572777,1.9837859,15.870287,9.2136173
-37.551609,4.9225922,7.3838882,0
-37.531906,0,14.78594,4.8534265
-34.987507,2.8859196,20.201437,4.245203
-32.243561,1.374854,8.2491236,4.1397581
-39.026821,3.2029724,9.6089172,4.7027841
-38.129608,0,15.072563,6.8601222
-37.86533,1.2761776,25.523552,6.3767376
-43.26894,.5607487,11.775723,6.3921251
-42.964268,3.2338912,14.956747,4.8793578
-25.892359,3.0212851,20.393673,6.6869183
-35.882565,0,0,0
-37.708408,4.1528668,16.611467,9.3611927
-22.644953,8.5389805,51.233883,0
-29.577911,0,22.954865,0
-25.746592,0,28.31658,13.078734
-32.970673,1.3968626,12.571764,0
-32.572674,5.1423135,17.998096,7.4008288
-28.933416,0,12.099946,0
-38.919102,1.7946663,11.964441,6.6186814
-43.634182,3.3060803,17.191618,5.271111
-43.344883,0,14.572657,8.3395882
-35.955013,1.5980184,15.181175,6.3338513
-40.098877,3.020175,27.181572,7.6918344
-41.676689,4.5007539,18.003016,11.994722
-43.828754,3.9522958,13.833035,3.7147102
-35.107338,0,14.65452,7.3019352
-39.049828,2.0370748,22.407822,9.4268475
-40.525768,0,0,11.598237
-33.631847,2.5274544,11.373545,5.2977324
-34.583786,0,13.031863,5.9865899
-40.457005,2.4372122,19.054569,6.2448959
-37.061729,0,8.5748587,0
-31.58477,0,36.188179,28.20079
-35.174332,1.6736681,16.736681,3.3831789
-34.768517,3.5942779,28.754223,12.674272
-26.450377,0,15.038273,6.3832502
-31.841566,0,43.535046,0
-36.002338,2.9816923,14.908462,4.8576703
-36.90926,2.7508047,38.511265,0
-38.707253,0,8.0886517,7.9706678
-40.685154,3.6447797,21.868679,9.850276
-40.947205,1.1785573,16.499804,5.4930396
-34.6838,0,10.580518,13.066772
-42.230713,.64308888,10.932511,6.436604
-29.280592,0,11.881188,9.8911972
-34.441875,0,5.7976894,6.6755676
-42.408634,1.1575682,11.807196,5.2674899
-14.812089,0,24.677952,0
-24.731062,4.177022,24.017878,12.891167
6.8891015,0,9.4232941,11.044842
-24.013067,6.2477684,27.66869,0
3.873858,0,18.234865,15.979547
-5.9973083,0,30,14.411299
-9.9993982,5.6360254,20.665426,10.044194
-4.1495299,1.0350145,24.840349,9.2558308
11.41978,9.3344536,28.003361,0
-18.96155,4.6873536,22.584522,6.3100243
-15.23462,0,23.056822,16.307894
-12.445195,3.465724,27.725792,9.0334234
-2.4779372,5.5643659,38.950562,16.091398
11.887393,0,22.071808,3.886816
2.8536668,3.3684778,33.684776,9.4108791
-5.7993293,1.6611296,21.594685,11.798574
2.2911592,0,27.626854,7.6610742
-3.9206443,9.2332687,18.466539,0
3.7453065,12.373175,30.932938,7.8284016
3.5270028,0,59.928085,18.450184
-7.5738387,.9672209,28.049406,8.996851
-1.6334739,2.4124289,31.361574,9.8096924
-29.499062,2.0690398,14.483278,7.9564853
-23.057325,3.9878769,15.951508,7.0382881
5.2065606,5.5154157,5.5154157,7.3003359
-7.3957839,2.3294818,23.294819,5.8099003
7.3629327,0,45.004501,0
-8.8682108,0,33.742935,18.642803
-21.412523,4.1311216,16.524487,13.938253
-19.283392,2.2384384,20.145947,6.2433662
14.121486,5.3558993,21.423597,10.323113
-25.800974,2.3732677,18.986139,14.054813
2.33108,13.253811,13.253811,29.291155
5.2899499,6.0685134,36.411079,7.5244546
4.6313882,0,12.427764,13.854253
-12.479157,0,34.00975,22.416498
-18.983583,2.3809524,14.285714,24.727993
3.2024713,7.8331022,26.110342,10.957704
-29.430002,0,21.577122,0
-21.658583,2.8909531,23.127626,4.8782868
-6.3206534,6.9681554,41.808933,19.245573
-22.998453,2.8547935,20.554516,8.6911173
-6.6600013,2.287178,24.015369,13.735792
-19.807871,3.6608582,14.643433,5.0597043
13.260814,2.4800973,29.761168,11.153868
-20.215044,1.0642147,17.027435,10.590977
-9.3983583,0,31.007751,0
-32.952568,6.3649673,19.094902,12.965124
-16.896368,0,82.872925,0
-12.816495,0,34.077354,0
-27.63961,0,12.578616,0
-34.418747,0,19.071232,4.3733053
-32.243977,0,0,0
2.0720925,0,168.70518,0
-39.726265,0,13.91014,0
-28.885201,0,0,0
-12.852574,0,30.835646,11.574074
-16.474894,0,74.312607,22.311468
-30.993797,0,0,0
-32.123127,0,22.266756,0
-7.139894,0,31.842064,21.450022
-33.211006,22.197557,22.197557,30.193237
-33.840996,0,20.252481,8.7673159
-16.770388,0,0,0
-23.616804,0,42.44482,0
-14.685327,0,0,0
-15.172093,0,25.654182,27.412281
-20.0516,0,0,24.437927
-40.461449,0,0,0
-14.540334,0,34.458992,0
-20.410276,0,23.679848,0
-22.579584,0,0,0
-33.354733,0,0,0
-14.652799,0,88.436874,0
-20.612074,0,45.034901,0
-6.6174178,0,0,0
-36.842529,0,0,0
-43.671524,0,46.314163,0
-13.77279,13.328002,0,0
-18.957811,0,52.742615,0
-32.783306,0,75.28231,0
-12.756261,0,0,0
-20.056166,0,0,0
-24.668962,0,20.060181,0
-31.133591,0,0,0
-42.817524,0,36.686478,0
-23.16728,0,8.5346079,0
-22.823267,0,75.604836,0
-18.949686,0,17.421602,0
-14.921292,0,61.747452,0
-20.925714,0,0,0
-34.107071,0,33.91637,13.04121
-4.9579177,0,82.884377,0
-13.333032,0,0,0
-42.382153,1.0835645,17.337032,3.250447
-24.264627,0,33.607796,35.087719
-42.922089,0,28.892456,0
-29.546675,0,26.378263,23.809525
-30.545456,0,28.490028,0
-13.26994,0,46.412327,0
-26.670927,0,39.308178,0
4.2845521,6.2869358,56.58242,20.525452
-17.845224,12.987013,51.948051,54.37738
-43.479416,0,38.986355,61.387356
-25.298254,0,108.87316,0
6.0493493,0,38.654812,0
-30.306301,0,43.975372,0
-19.119989,14.522219,14.522219,0
-30.9361,0,40.461258,0
-34.375175,0,46.670815,16.852039
-30.491127,0,26.270853,0
-20.106443,0,36.049026,0
-31.676888,3.746511,20.60581,4.7167587
-20.68302,4.2753315,25.651987,7.4205995
-17.862089,0,8.549201,17.433752
8.487361,0,0,0
-26.801157,1.65898,23.225721,0
-21.972006,1.7016352,18.717987,0
.000013848877,0,13.006438,0
-13.623639,0,24.216007,20.729685
-9.348588,0,13.337482,0
-18.421888,0,7.3471785,15.96424
-21.006853,5.2015605,15.604681,35.014004
-6.7116294,0,0,19.091257
7.3169122,0,9.6974401,8.4602365
7.1478829,0,67.62468,0
-.95649862,3.904115,7.8082299,13.031013
-24.302179,0,15.538084,5.3061657
-1.9890342,0,8.2542305,10.979359
4.7775636,4.1035743,12.310722,0
-33.291504,1.3962464,17.313454,7.8017855
-5.5317321,0,24.289532,20.911753
-5.0428023,0,9.1844234,16.700068
-16.431238,0,15.155534,27.609056
-7.4289832,0,6.8212824,5.5481582
17.797434,8.0791759,24.237528,4.7214355
13.653087,0,21.423981,10.475592
-16.92618,3.6888118,33.199306,5.8153057
-10.445661,2.4389648,19.511719,11.248594
-8.3869066,0,20.433184,7.9668579
-3.7064872,6.6979237,20.093771,0
-15.437989,4.4334102,0,0
6.4115319,0,37.999695,25.100401
-23.947592,0,11.187184,15.475085
-30.911291,.4263047,18.757406,1.3165864
12.705035,0,0,20.678246
8.0921659,0,37.343044,14.934289
.16779186,5.5580258,22.232103,8.9461441
-10.607144,0,7.7565479,5.4466233
9.3011427,10.098969,15.148455,15.842839
-3.8981681,5.7636886,40.345821,0
-16.095499,0,23.894863,8.3794203
-10.807023,0,16.33053,13.947001
.31040433,0,17.346054,0
-14.871102,0,36.234509,0
9.4895811,0,13.672409,37.750095
-18.778582,0,12.129053,0
3.5304017,8.4595213,8.4595213,0
-29.770178,.42008686,13.862866,7.4011278
7.5727563,13.93534,41.806019,0
8.3876448,0,37.78754,20.911753
-16.524595,0,17.143837,5.7058086
-4.1479774,0,11.619801,0
-13.287751,4.7746372,28.647823,7.1377587
-23.213041,4.421062,17.684248,0
-15.102101,5.5673089,27.836544,0
-.60903692,0,27.50729,9.7012033
-2.9729972,0,24.865313,0
-14.177743,0,12.789359,0
-10.712693,0,27.138269,6.788866
-16.628237,0,32.100666,0
-21.708712,0,12.205542,7.669888
6.1810403,0,0,0
-3.7684493,3.9655788,11.896736,20.366598
-22.773973,0,19.443323,2.9981411
-16.024641,0,0,0
6.6660333,0,6.874742,10.780509
-16.942743,0,24.916351,0
4.8951669,0,20.27301,0
-1.0936637,0,41.152264,0
2.771193,0,0,0
-17.391886,0,16.286646,0
-9.4066782,0,9.0546904,0
-7.1737418,0,18.901806,10.058338
-23.462881,0,15.051929,3.6734993
-16.283064,0,6.2414179,0
-22.693781,0,13.344997,6.198091
10.204585,0,38.421429,8.9798851
-7.4314971,0,52.246605,0
-9.2215166,3.0413625,21.289537,6.4850845
-26.221144,2.6185894,18.475603,5.5760007
-12.099477,8.410429,16.820858,15.547264
-3.0626311,0,15.620119,0
-29.906448,0,11.546296,5.4377379
-18.262285,1.2699542,7.6197248,4.3698654
-.69701147,0,25.547678,32.335552
-9.683835,0,22.386389,32.808399
-21.509169,0,7.4008288,11.052166
-3.84168,0,0,0
4.4568429,0,0,42.735043
-12.592977,0,25.790289,14.046917
-23.528967,0,11.570559,5.4680667
-1.2866416,0,16.539862,12.790996
-13.673223,0,26.196297,26.343519
-4.594789,0,6.2355804,0
-18.316973,3.9010689,11.703207,6.1387353
-20.112642,8.4160919,16.832184,6.2328596
-12.869321,7.1517968,14.303594,6.0277276
-24.234118,6.833168,23.916088,0
-23.317053,0,0,0
-39.237129,0,54.774513,0
-42.687012,0,68.775787,0
-4.7708945,8.3015108,24.904533,7.4008288
-12.403157,7.7243938,92.692726,0
-26.724974,0,12.963443,0
-19.438185,0,24.050024,0
-3.555078,0,60.627495,9.9088383
-30.424252,30.275507,0,0
-12.749948,4.0950041,20.475021,5.7890472
-25.495211,4.4553685,20.049158,7.2995367
-24.436506,2.2201314,13.426508,5.7940063
-20.990595,0,30.65604,0
-31.898401,0,0,0
-17.816835,0,60.357315,0
-20.351164,0,18.178789,5.3316274
-36.397873,2.0738571,23.503712,0
-19.643137,1.6574677,28.17695,7.4738417
-14.239499,0,0,25.290844
-22.644587,0,88.534752,0
-6.1258407,0,11.936023,0
-22.614553,0,16.077171,17.406441
-5.8364654,0,30.407459,0
-25.656939,0,0,18.684605
-5.007833,0,15.331937,9.1424389
-25.025171,0,20.915033,7.1592212
-26.423071,0,79.501785,0
-.16169499,1.2835763,13.69148,12.567945
-11.142453,0,0,0
-40.879574,0,0,0
-13.6293,4.1077886,12.323365,13.616558
-25.923655,0,23.393637,13.333333
-27.579514,12.168411,42.589439,0
-9.4451761,0,27.515993,11.494253
-25.686495,0,0,0
-35.173981,0,14.947683,0
-28.00444,0,39.619652,0
-38.330971,0,0,0
-19.234198,0,27.487631,16.567263
-25.610262,1.4793228,16.272551,4.3871193
-20.537561,0,0,28.344671
-17.348345,0,21.241945,7.7483339
-27.078344,0,18.023863,0
-17.177343,0,33.145508,41.356491
-19.262987,0,44.863167,0
-29.396315,0,18.410273,0
-21.90254,0,15.950053,0
-11.338384,0,0,0
-32.991825,0,0,0
-20.046114,11.55268,0,13.408421
-18.418631,0,22.650057,0
-33.413887,0,0,24.764734
-40.395294,2.5080442,17.630075,6.4060063
-24.207891,0,17.889088,7.3616018
-23.661146,0,34.36869,19.864918
-6.2541404,0,0,0
-33.057781,3.477263,18.25563,4.3301291
-7.9126639,0,20.81743,7.7375426
-16.957022,0,0,0
9.2094374,0,16.151175,11.712345
-24.896597,0,0,43.744534
-2.8585601,0,31.533306,0
-20.174746,0,24.042315,0
-41.511192,2.8237154,31.060869,5.5788007
-22.300005,0,0,0
-19.850668,3.8109031,30.487225,3.886816
-29.693434,2.001385,13.609418,7.1178551
-23.440519,0,0,0
-1.7866683,7.6775432,30.710173,15.248551
-11.270425,0,17.663683,9.1675835
-6.6984,0,25.503698,9.5565748
-24.960985,0,20.751194,0
-28.585823,0,20.13693,0
-18.488192,0,0,60.386475
-14.417932,.81925577,18.023628,3.2795486
-13.067273,0,20.251114,0
-2.4017882,0,17.77146,0
3.1364007,6.2111802,12.42236,12.990387
-36.220924,0,21.335609,0
-33.150047,2.9606647,20.132519,4.0794683
-33.610893,0,0,0
-24.99679,0,0,0
-42.46093,0,0,0
-7.3296523,0,68.618484,28.587765
-4.1658149,13.419216,13.419216,17.646021
-28.739977,2.8935184,28.935184,0
-28.573627,0,20.866064,8.8806
3.1027131,0,17.663164,24.838549
-16.593134,4.8837662,14.651299,10.498688
-26.586023,2.7362776,19.153942,7.415647
-19.097082,0,0,23.877747
-13.568517,0,42.771599,0
-20.409891,0,20.738283,0
-24.33103,2.6821876,24.139688,5.8623519
-37.750072,2.2090225,19.787201,6.1846318
-13.119138,4.3723493,17.489397,10.107136
-22.154032,0,35.561878,0
-8.9953585,0,18.431141,8.2590027
-38.297272,0,22.123894,0
-12.040002,9.9370651,23.186485,7.8247261
5.8489709,2.1852875,16.545748,14.230639
-10.551484,0,28.529043,0
-27.736532,0,8.9585667,5.8112507
-25.168119,0,8.9895725,0
-15.908776,5.009769,20.039076,10.528532
5.8289895,0,27.138884,0
-39.269501,0,3.2589214,3.6995931
-21.608404,0,0,39.87241
-23.068258,4.669188,18.676752,0
-35.659439,0,0,0
-34.30933,0,36.630035,0
-19.980188,0,44.080048,9.678668
-14.196816,0,47.132187,0
-17.645559,0,74.239052,0
-36.714149,2.9250884,18.038046,7.8106222
13.212535,0,19.43257,0
-8.5144205,2.6262574,26.262573,3.6247644
-34.104744,0,17.350569,15.537601
-27.966383,0,0,0
-3.9804626,8.4609528,16.921906,27.517887
-15.022714,3.0258102,15.129051,0
-24.289759,0,24.792364,0
18.184061,0,0,0
-29.465315,0,0,0
-27.77692,0,5.6993046,12.5502
-23.60721,0,61.881187,0
-20.226591,0,0,0
-7.4436431,0,46.926327,0
-15.483224,3.1573629,15.786815,24.015369
-18.789885,0,0,0
-13.196553,0,19.657951,16.144655
-22.886103,0,47.644573,12.635836
-18.566107,0,10.017029,17.488632
5.7005486,0,17.448961,0
-5.6693358,0,22.527596,0
-5.7563529,0,12.674272,0
7.2173867,0,45.365189,0
-15.245381,2.4102774,31.333607,0
-4.1302466,7.1403069,28.561228,0
-36.687321,0,30.807148,0
-9.2312212,0,13.838915,0
-23.138021,0,0,0
-36.876972,0,0,0
-34.092751,1.6704624,24.500114,8.2740364
-21.027994,0,0,0
-19.683455,0,29.073994,0
-28.319256,2.2841132,23.602503,6.5462165
-13.992921,0,0,0
-3.7507529,31.87759,15.938795,0
-.34365603,0,39.936104,0
-33.505653,0,18.789928,27.457441
-18.177992,0,0,0
-18.094862,3.1534798,28.381319,5.3095465
9.3558531,0,2.7534556,24.666996
-10.114053,0,30.843798,6.930007
-15.232598,0,0,65.876152
-43.269939,2.7379632,21.903706,7.3211803
-10.128705,0,21.867483,28.636885
-17.385408,36.44315,72.886299,0
-22.638514,12.517211,75.103264,0
-23.178823,0,24.203308,0
-15.424161,.88758707,18.63933,5.5444665
-22.324495,7.9396586,55.57761,32.829941
-23.428671,73.529411,0,58.892815
-10.855569,6.1841006,27.828453,6.1934843
-13.427213,3.658849,32.929642,10.501995
-.51823568,7.8945289,15.789058,0
-34.029419,0,26.661335,16.583748
-22.461439,1.1349922,15.511559,5.739408
-38.335552,0,43.47826,0
-35.485359,1.2611613,16.395096,6.6260271
-26.326696,5.0248733,20.099493,16.75042
-14.332746,0,25.682182,9.1877985
-30.258673,0,17.094017,0
-33.84573,8.19135,49.148098,0
-29.642437,0,25.965595,0
-3.3476348,5.3098283,37.1688,11.170688
-41.145088,4.7860055,21.537025,13.494184
-6.3145652,0,0,0
-6.1671309,0,0,0
-40.490829,0,0,0
-2.0972342,0,51.020409,0
-1.7300277,0,15.356265,35.945362
-21.072039,0,10.710651,14.448779
-17.855803,0,11.827321,12.26392
-40.536427,0,0,0
.22374202,0,8.0115366,0
-17.621637,8.8880987,44.440495,0
-22.196753,0,51.156128,0
-17.148699,0,12.256404,13.800717
-2.080461,0,78.480614,0
6.3744912,0,14.632719,0
6.5985665,0,10.990219,0
-6.830049,0,13.078948,2.6488662
-16.616278,0,23.986568,0
-28.526411,0,40.983608,52.742615
-38.049892,0,31.026993,6.7558436
-34.780651,0,0,52.742615
-4.7105041,5.3861899,21.54476,0
-26.569517,1.8673787,21.474855,7.2353663
-13.389432,0,60.222824,0
21.511644,0,18.556892,7.2811999
-34.14584,25.943703,51.887405,0
-35.366623,0,0,0
-30.277687,0,0,0
-26.187929,0,41.450779,0
-31.880566,0,21.063717,13.290803
-39.314957,3.5396013,14.839098,7.218132
-38.765518,2.2002442,15.40171,4.7741814
-16.489679,0,0,0
-30.56201,6.820817,34.104084,8.1859856
-37.01202,0,0,0
-22.050825,0,22.732439,0
-29.062382,2.9168551,23.334841,4.909903
-29.889227,1.8896329,21.100901,5.5418329
-3.8506637,0,88.404305,0
-4.5778899,16.380016,24.570024,29.188559
-17.421873,4.3125753,30.188028,7.8468299
-37.555904,0,0,0
-12.476563,4.5825315,18.330126,0
-15.013349,0,9.9327059,11.096316
-18.304533,4.2799058,17.119623,0
-23.270784,1.5885624,19.062748,2.7987685
-5.7595916,0,37.977688,0
-9.8470087,0,21.328026,0
-38.749706,0,29.218407,0
-7.3912978,6.0830951,24.33238,0
.82608271,.87915182,7.0332146,13.962024
-14.033853,5.6562686,22.625074,7.1994243
-32.39085,0,0,0
-38.407784,.99668103,19.93362,9.1849051
-27.406097,0,16.274717,0
4.6278405,0,4.9927607,16.789791
-13.638391,1.552313,18.627756,4.6921921
-6.0274901,0,19.88335,11.111111
-29.503626,0,18.044027,21.408691
-18.911974,0,17.533606,11.687704
-43.369038,0,23.812359,0
-35.95702,0,21.811836,9.5675468
16.480585,0,16.767271,0
16.640795,0,0,0
-42.288124,0,21.417862,0
-38.611004,0,12.719641,4.198153
-40.451973,0,23.933752,6.6111331
-31.008362,0,17.846519,0
-27.134237,0,16.02564,0
-27.900482,0,26.504108,0
-40.477489,5.4495912,16.348774,23.004372
-22.406549,0,0,0
-39.409,0,0,0
-22.705629,0,19.05851,0
-22.057367,0,0,0
-26.017885,0,45.207958,0
-24.975462,0,29.462023,24.783148
-24.124918,6.6146317,26.458527,0
-35.31002,0,26.179724,0
-39.252357,0,41.671009,24.154589
-43.717205,0,9.9226036,21.729683
-35.332672,3.9990401,23.994242,0
-42.523582,1.3821191,10.13554,8.6766825
-36.913353,0,32.865906,0
-30.052059,3.7384574,14.95383,11.921793
-23.480215,0,0,0
-28.555246,0,28.366495,0
-39.51371,0,18.429104,0
-32.150951,0,18.175209,0
-39.01825,2.134244,19.208195,6.0364604
-35.263863,0,37.593987,0
-28.57482,3.0039051,30.039051,4.9751244
-22.374189,0,26.123302,57.471264
-26.380804,6.8681316,27.472527,0
-30.679358,0,15.574707,10.004002
-29.014196,4.7456341,33.219437,6.9939852
-35.833168,2.0941532,14.659072,14.521165
-39.378334,4.5268326,20.370749,4.0277104
-39.662418,0,13.368537,0
-40.294262,0,24.943876,3.8491147
-5.1671576,0,12.637964,11.118524
-25.342512,1.9437857,3.8875713,0
-22.89892,0,5.3630805,0
-2.482965,0,13.892748,0
-26.052305,13.133701,17.5116,7.514277
-17.164206,0,0,74.571213
-29.099308,3.3697832,13.479133,0
-18.618414,0,0,184.77458
-22.322248,3.1679657,6.3359313,0
-2.301847,0,20.794344,0
-24.306032,5.3387432,10.677486,0
1.0431924,0,14.759058,0
-.11192844,10.287272,5.1436362,0
5.1345925,0,19.264111,13.93534
-27.735214,2.9292011,19.039808,0
-13.375852,6.039012,42.273083,0
-12.09908,0,9.1638031,0
-4.5655799,0,84.231804,0
-9.3846064,9.3127213,9.3127213,0
-19.313158,0,13.397642,0
-15.328172,0,0,0
-16.748529,0,30.582598,10.351967
4.5241952,0,14.766686,22.192633
-3.2422309,0,5.3307748,0
-12.518155,2.5320942,27.853037,8.2918739
-12.30399,0,13.848497,0
-20.44552,0,23.786869,0
-17.167093,11.796626,0,0
-7.6150184,25.536261,51.072521,0
-18.542463,3.6326649,3.6326649,6.1094818
-26.50065,0,13.424621,0
-20.812078,0,20.025366,0
-16.881926,6.4867668,6.4867668,0
-9.2707071,0,10.884946,0
-12.169885,6.4545279,25.818111,19.323671
-1.5376601,0,32.404408,34.013607
-2.7705245,7.1500072,35.750034,3.9872408
-5.9759574,6.8119893,34.059944,0
-31.150833,4.8671274,9.7342548,11.506156
-27.686949,6.7200913,26.880365,0
-1.2553611,65.061806,0,0
-14.408479,10.858353,21.716705,8.0593166
-27.104139,0,24.804049,0
-13.633565,0,20.833334,25.13826
-31.129683,10.757315,32.271946,0
-17.900003,13.071896,26.143791,0
-13.673352,0,0,33.56831
8.1486921,0,22.773855,0
-25.858305,0,7.188168,6.4374919
-8.7438173,0,13.520823,0
-9.920083,0,19.381723,11.845534
-7.2395034,0,24.783148,0
-18.646322,0,18.677624,0
-3.9846435,0,4.1203132,0
-4.6169181,0,22.026432,0
-26.114046,2.1984303,13.190582,5.6516333
-10.15175,0,10.314595,0
-15.267095,0,28.653296,154.6073
-33.342175,8.5338793,59.737156,18.325087
-.067712285,0,0,0
-9.1185923,8.7650099,17.53002,0
-14.79596,0,41.081821,12.800819
-18.118116,0,25.891644,0
-18.960104,0,13.4662,0
-14.917111,4.0942221,13.647406,2.4409294
-12.488259,0,31.25,25.960541
-15.173242,8.6117811,0,0
-12.697202,0,11.82837,0
-30.603071,1.6885521,10.694164,0
-39.06538,3.1528833,15.764417,11.61845
-32.779011,22.16312,22.16312,60.827251
-23.435072,22.109219,66.32766,0
-6.2084861,3.262696,11.419436,3.8598115
-12.303155,0,29.261156,3.5658252
-38.856167,0,19.990404,3.8446751
-23.285173,0,11.404675,5.518764
-27.595419,4.8859138,9.7718277,6.279829
-9.0097361,0,23.96817,24.131273
-7.6920218,0,7.3367572,0
-25.898756,11.00776,11.00776,10.061375
-22.701708,0,21.888424,0
-4.6954436,8.2781458,11.037528,0
-25.561586,0,19.615536,0
-34.261951,0,10.031096,0
-4.8074241,0,2.211313,3.1511943
4.1606812,0,5.8730254,0
-13.365159,4.3641443,21.820721,4.1970954
-32.763332,0,0,24.189648
-15.242959,2.4163344,21.747009,0
-5.0332503,0,28.724627,0
-10.026616,0,8.0392313,3.3765533
-10.741467,5.1550817,17.183607,1.9749576
-34.684193,0,0,10.269049
-25.200003,0,21.126017,0
-30.312033,.93917876,15.96604,0
-31.731836,0,0,0
-40.020679,0,12.438584,0
-31.077568,0,0,0
-34.955456,0,0,0
-24.407454,0,44.682751,0
-41.957638,0,0,0
-33.775791,0,13.357198,3.4893053
-39.433773,0,0,16.056519
-36.540543,0,12.020676,0
-29.656231,0,4.8538976,0
-34.115513,0,37.050758,16.625103
-27.466515,2.3421397,21.079258,0
-18.683737,2.3027148,17.270361,1.6572617
-24.019709,0,118.76485,31.210987
-27.761473,0,7.5872536,0
-36.951576,0,23.764259,1.4022099
-30.30583,0,0,0
-34.104073,5.0463424,23.549597,0
-29.033892,0,3.1526845,7.0546737
-38.873283,0,0,26.624067
-33.041172,0,0,0
-37.826168,4.6813192,21.065937,29.472443
-42.461193,1.2904003,12.043736,0
-36.67065,0,36.423237,0
-33.138454,0,0,264.55026
-20.810686,0,36.656891,0
-43.972954,0,22.941042,13.616558
-39.849991,0,42.411819,0
-42.434875,5.3909807,24.259415,5.2002082
-36.522713,0,0,0
-37.721363,0,0,0
-42.077503,3.0709701,21.49679,0
-42.811497,6.6163821,19.849146,2.8310966
-42.9207,0,22.136953,2.9373751
-39.836819,3.064101,18.384605,0
-40.603268,0,28.757669,0
-39.754234,0,17.593245,0
-43.362495,0,37.832932,21.177467
-38.247837,0,17.404926,0
-38.026947,0,27.212999,5.7077627
-34.499687,8.1076698,8.1076698,10.752688
-37.903328,0,42.517006,23.245003
-42.637566,2.5902507,15.541505,6.1842918
-33.935623,0,0,0
-42.779713,6.1748724,18.524616,15.87604
-32.982525,0,41.880829,0
-36.637424,0,0,0
-43.382431,0,11.981788,0
-41.111065,1.246603,18.699045,0
-35.615444,1.9992137,22.657755,4.0158224
-6.8502517,0,14.566643,0
-31.826834,2.4998126,19.998501,5.2083335
-16.325785,0,6.7585835,4.8113933
-4.3107963,0,60.324028,0
-43.922287,0,3.8465977,27.179821
-35.045788,0,13.479236,6.6387839
-6.3686805,0,14.359564,0
4.4166055,0,0,0
-12.602376,0,15.283509,0
-16.040007,2.0083952,12.05037,0
-3.4848533,0,16.06942,22.988506
-1.8297935,11.049724,11.049724,18.195051
-13.956952,3.3699534,16.849768,9.045681
-8.3509417,0,23.373589,0
-7.2140555,0,0,17.199862
-32.507824,1.5613533,4.6840601,11.379671
-24.7563,0,4.6792383,0
-22.506166,0,26.889982,0
-35.648476,2.7841816,17.818762,7.1192112
-17.423079,0,13.084723,21.381227
-2.824903,4.3780918,8.7561836,13.285505
-20.412073,0,17.786209,10.014822
-8.8498278,5.8221903,19.407301,10.46682
-34.959293,3.8170123,15.268049,2.8248587
-38.714901,2.7560358,13.780179,4.6040516
-26.072657,4.3708205,4.3708205,12.850167
-19.518122,0,19.148529,23.603834
-28.527948,0,20.65177,22.675737
-7.2735343,5.0910015,15.273005,3.1583602
-29.467556,0,3.9567134,3.2583904
-8.3714609,0,19.377968,0
-17.279505,0,22.136137,0
-11.780873,3.8109756,3.8109756,10.957704
-39.689156,4.4279137,11.069784,5.2295785
-5.2305465,17.295053,0,0
-26.439039,0,94.850952,0
-12.162786,0,13.550136,17.979145
-9.6720896,7.4379859,18.594965,5.4235816
-29.381491,0,6.1193891,18.50481
-15.14924,0,19.539646,3.6686478
-14.622872,0,21.22151,0
-17.309805,0,10.620221,0
-12.470494,7.8094492,23.428349,0
-1.134973,8.3864479,8.3864479,32.488628
-16.236231,7.0666385,21.199915,12.26392
-9.5012751,0,27.956388,0
-19.103876,0,39.258022,17.006804
-12.815202,0,41.055115,17.815784
-18.034468,0,26.876467,3.7973721
4.5516,8.4889641,25.466892,10.052272
-31.634533,0,19.304089,8.5954962
-13.551286,0,23.020258,0
-39.198399,3.7268934,21.119062,6.1221991
-19.820688,5.3013835,10.602767,10.741138
-22.863825,0,88.593575,0
-31.456921,0,21.873861,0
-32.381123,6.2077098,37.246262,0
-25.494856,0,9.2276459,0
-30.663965,0,8.1386833,0
-22.233843,10.931351,0,0
-35.683876,2.0465801,20.465801,3.1971354
-29.132784,0,23.129791,0
-37.803883,0,27.4967,0
-26.059858,0,27.329872,8.653513
-41.999805,0,29.778698,2.4797897
-37.30669,0,21.471899,0
-38.922298,2.7318673,24.586805,3.7152624
-29.572952,0,8.2034454,0
-43.723225,0,16.882481,7.933989
-26.931574,0,0,0
-43.394169,2.5377491,19.033117,8.0003204
-26.560545,0,39.719318,19.747236
-29.503361,0,6.9736629,6.6520324
-39.276131,0,26.997841,0
-40.262283,6.7272115,26.908846,0
-26.430838,16.548073,5.5160241,0
-34.379425,0,22.799818,0
-25.724264,0,7.3724566,0
-31.459351,0,5.658349,8.9798851
-37.752262,0,5.6031828,15.375154
-43.241337,1.4472408,13.025167,2.1527598
-31.4431,0,12.623075,8.1499596
-28.665169,0,23.518345,0
-36.803871,0,13.689878,7.5346594
-40.715794,1.0024259,15.036388,8.1110897
-34.809853,0,18.684605,4.4887333
-32.305637,0,35.599857,0
-35.002663,2.2761388,13.783284,2.7380757
-30.303373,3.258709,9.7761269,4.7187619
-37.801289,4.0923228,20.461615,0
-30.224361,1.6362596,6.5450382,3.3494105
-36.377342,0,15.130882,20.807323
-34.330112,3.7807183,15.122873,7.0501976
-36.892014,0,24.742851,6.3564711
-25.756277,2.1518795,15.063158,4.1645842
-26.637732,.62649184,11.903345,2.0519135
-28.567526,.77745986,12.439358,3.965107
-38.642921,0,38.185429,19.794142
-33.913567,0,19.757965,4.792026
-23.845816,5.3712907,18.799517,0
-24.787546,0,9.9870167,0
-23.517649,1.1526448,12.679092,3.7057624
-31.36125,0,34.476814,0
-26.653048,4.3715849,34.972679,7.208766
-29.499973,0,23.885731,12.382367
-42.832157,0,45.167118,0
-30.386654,0,18.13401,3.0435841
-36.62635,.79678416,9.56141,2.500375
-26.592085,0,11.446886,0
-43.77388,.94865859,6.6406102,1.4123096
-41.10474,0,24.740227,8.1063557
-36.06575,8.698678,43.493389,0
-43.745255,0,33.279716,10.269049
-41.277912,0,51.317139,0
-37.717896,0,0,0
-36.340382,5.742671,34.456024,10.228086
-36.460426,0,9.9880142,0
-43.041195,0,119.50287,0
-40.309902,0,0,0
-35.298431,0,15.038725,14.518003
-39.533649,0,0,0
-43.083504,0,32.596294,0
-37.615463,0,12.687136,0
-42.066288,0,20.64303,17.580872
-41.910686,11.622501,46.490005,0
